                    Particle Diameter (mm)
                    0.03162   0.7071    1.414     2.378     3.364     4.757     6.727     9.514     13.45     19.03     26.91     38.05     53.82     76.11     107.6     152.2     215.3     304.4     430.5     724.1     

          Q (cms)   Load (m3/yr)
          50.0      6.931e+03 385.0     308.8     123.2     91.66     75.03     62.78     55.11     48.95     47.19     41.5      55.96     51.58     46.46     30.29     14.57     4.318     0.3676    0.01162   3.906e-05 
          70.0      3.171e+04 1.762e+03 1.618e+03 697.8     539.6     453.9     385.5     339.1     301.2     290.3     255.3     344.3     317.4     285.9     186.4     89.65     26.57     2.262     0.07151   0.0002403 
          90.0      7.816e+04 4.342e+03 4.269e+03 1.952e+03 1.575e+03 1.388e+03 1.24e+03  1.153e+03 1.074e+03 1.076e+03 973.9     1.335e+03 1.233e+03 1.111e+03 724.1     348.3     103.2     8.788     0.2778    0.0009336 
          150.0     3.417e+05 1.898e+04 2.028e+04 9.936e+03 8.428e+03 7.831e+03 7.402e+03 7.305e+03 7.261e+03 7.808e+03 7.645e+03 1.149e+04 1.188e+04 1.216e+04 9.209e+03 5.204e+03 1.628e+03 138.6     4.383     0.01473   
          275.0     1.353e+06 7.518e+04 8.483e+04 4.343e+04 3.801e+04 3.647e+04 3.566e+04 3.646e+04 3.762e+04 4.209e+04 4.303e+04 6.793e+04 7.45e+04  8.258e+04 7.069e+04 5.011e+04 2.576e+04 3.637e+03 115.7     0.3887    
          455.0     3.524e+06 1.958e+05 2.273e+05 1.19e+05  1.058e+05 1.032e+05 1.026e+05 1.067e+05 1.121e+05 1.278e+05 1.333e+05 2.152e+05 2.425e+05 2.784e+05 2.512e+05 1.952e+05 1.221e+05 2.949e+04 1.754e+03 5.895     
          540.0     4.702e+06 2.612e+05 3.054e+05 1.608e+05 1.435e+05 1.405e+05 1.403e+05 1.466e+05 1.547e+05 1.771e+05 1.857e+05 3.016e+05 3.419e+05 3.96e+05  3.617e+05 2.873e+05 1.877e+05 5.058e+04 4.224e+03 14.4      

probabilitQ(cms)    Load * p[j]m3/yr
0.8142    50.0      5.643e+03 313.5     251.4     100.3     74.63     61.09     51.12     44.87     39.85     38.42     33.79     45.56     41.99     37.83     24.66     11.86     3.516     0.2993    0.009463  3.18e-05  
0.09573   70.0      3.035e+03 168.6     154.9     66.8      51.66     43.45     36.9      32.47     28.83     27.8      24.44     32.97     30.38     27.37     17.84     8.582     2.544     0.2166    0.006846  2.301e-05 
0.04199   90.0      3.282e+03 182.4     179.3     81.95     66.15     58.3      52.09     48.41     45.11     45.2      40.9      56.07     51.78     46.64     30.41     14.63     4.335     0.3691    0.01167   3.921e-05 
0.0423    150.0     1.445e+04 803.0     857.9     420.3     356.5     331.3     313.1     309.0     307.2     330.3     323.4     486.1     502.4     514.4     389.6     220.2     68.89     5.865     0.1854    0.000623  
0.004946  275.0     6.692e+03 371.8     419.5     214.8     188.0     180.4     176.4     180.3     186.1     208.2     212.8     336.0     368.4     408.4     349.6     247.8     127.4     17.99     0.5721    0.001923  
0.0006624 455.0     2.334e+03 129.7     150.5     78.83     70.07     68.33     67.93     70.66     74.22     84.62     88.29     142.6     160.6     184.4     166.4     129.3     80.85     19.54     1.162     0.003905  
0.0001766 540.0     830.5     46.14     53.94     28.41     25.35     24.82     24.78     25.89     27.32     31.29     32.81     53.27     60.4      69.94     63.9      50.74     33.15     8.934     0.7461    0.002544  
          Sum       3.627e+04 2.015e+03 2.067e+03 991.4     832.4     767.6     722.3     711.6     708.6     765.8     756.5     1.153e+03 1.216e+03 1.289e+03 1.042e+03 683.1     320.7     53.21     2.694     0.009088  