          Time(yr)  Time(yr)  
          0.0       0.9500000000000002
D (mm)    QsIn      QsIn      
0.031     0.0        3.627e+04  
0.707     0.0        2.015e+03  
1.414     0.0        2.067e+03  
2.378     0.0        991.4      
3.363     0.0        832.4      
4.756     0.0        767.6      
6.727     0.0        722.3      
9.513     0.0        711.6      
13.45     0.0        708.6      
19.02     0.0        765.8      
26.90     0.0        756.5      
38.05     0.0        1.153e+03  
53.81     0.0        1.216e+03  
76.10     0.0        1.289e+03  
107.6     0.0        1.042e+03  
152.2     0.0        683.1      
215.2     0.0        320.7      
304.4     0.0        53.21      
430.5     0.0        2.694      
724.0     0.0        0.009088   
