          Time(yr)  Time(yr)  Time(yr)  Time(yr)  Time(yr)  Time(yr)  Time(yr)  Time(yr)  Time(yr)  Time(yr)  Time(yr)  Time(yr)  Time(yr)  Time(yr)  Time(yr)  Time(yr)  Time(yr)  Time(yr)  Time(yr)  Time(yr)  Time(yr)  Time(yr)  Time(yr)  Time(yr)  Time(yr)  Time(yr)  Time(yr)  Time(yr)  Time(yr)  Time(yr)  Time(yr)  Time(yr)  Time(yr)  Time(yr)  Time(yr)  Time(yr)  Time(yr)  Time(yr)  Time(yr)  Time(yr)  Time(yr)  Time(yr)  Time(yr)  Time(yr)  Time(yr)  Time(yr)  Time(yr)  Time(yr)  Time(yr)  Time(yr)  
          0.0       0.95000000000000021.95000000000000082.94999999999999753.9499999999999944.949999999999995.9499999999999876.9499999999999837.949999999999988.9499999999999929.95000000000000610.9500000000000211.95000000000003512.95000000000004913.95000000000006314.95000000000007715.95000000000009216.95000000000010617.9500000000001218.95000000000013419.9500000000001520.95000000000016321.95000000000017722.9500000000001923.95000000000020524.9500000000002225.95000000000023426.95000000000024827.95000000000026228.95000000000027629.9500000000002930.95000000000030531.9500000000003232.95000000000026633.9500000000002134.9500000000001535.95000000000009536.9500000000000437.9499999999999838.94999999999992539.9499999999998740.9499999999998141.94999999999975442.949999999999743.9499999999996444.94999999999958445.9499999999995346.9499999999994747.9499999999994148.949999999999356
D (mm)    QsOut     QsOut     QsOut     QsOut     QsOut     QsOut     QsOut     QsOut     QsOut     QsOut     QsOut     QsOut     QsOut     QsOut     QsOut     QsOut     QsOut     QsOut     QsOut     QsOut     QsOut     QsOut     QsOut     QsOut     QsOut     QsOut     QsOut     QsOut     QsOut     QsOut     QsOut     QsOut     QsOut     QsOut     QsOut     QsOut     QsOut     QsOut     QsOut     QsOut     QsOut     QsOut     QsOut     QsOut     QsOut     QsOut     QsOut     QsOut     QsOut     QsOut     
0.031     0.0        3.622e+04  7.244e+04  1.087e+05  1.449e+05  1.811e+05  2.173e+05  2.536e+05  2.898e+05  3.26e+05   3.279e+05  3.28e+05   3.28e+05   3.281e+05  3.282e+05  3.282e+05  3.283e+05  3.283e+05  3.284e+05  3.284e+05  3.285e+05  3.286e+05  3.286e+05  3.287e+05  3.287e+05  3.288e+05  3.288e+05  3.289e+05  3.29e+05   3.29e+05   3.291e+05  3.291e+05  3.292e+05  3.293e+05  3.293e+05  3.294e+05  3.294e+05  3.295e+05  3.295e+05  3.296e+05  3.297e+05  3.297e+05  3.298e+05  3.298e+05  3.299e+05  3.299e+05  3.3e+05    3.3e+05    3.301e+05  3.302e+05  
0.707     0.0        2.026e+03  4.051e+03  6.074e+03  8.098e+03  1.012e+04  1.214e+04  1.417e+04  1.619e+04  1.821e+04  2.003e+04  2.109e+04  2.18e+04   2.234e+04  2.279e+04  2.318e+04  2.354e+04  2.387e+04  2.418e+04  2.447e+04  2.476e+04  2.503e+04  2.53e+04   2.557e+04  2.583e+04  2.608e+04  2.634e+04  2.659e+04  2.683e+04  2.708e+04  2.732e+04  2.757e+04  2.781e+04  2.804e+04  2.828e+04  2.852e+04  2.875e+04  2.899e+04  2.922e+04  2.945e+04  2.968e+04  2.991e+04  3.014e+04  3.037e+04  3.06e+04   3.082e+04  3.105e+04  3.127e+04  3.15e+04   3.172e+04  
1.414     0.0        2.079e+03  4.158e+03  6.236e+03  8.314e+03  1.039e+04  1.247e+04  1.455e+04  1.662e+04  1.87e+04   2.058e+04  2.175e+04  2.254e+04  2.316e+04  2.367e+04  2.413e+04  2.453e+04  2.491e+04  2.527e+04  2.56e+04   2.593e+04  2.624e+04  2.654e+04  2.684e+04  2.713e+04  2.742e+04  2.77e+04   2.798e+04  2.826e+04  2.853e+04  2.88e+04   2.907e+04  2.933e+04  2.96e+04   2.986e+04  3.012e+04  3.038e+04  3.064e+04  3.089e+04  3.115e+04  3.14e+04   3.165e+04  3.191e+04  3.216e+04  3.241e+04  3.266e+04  3.29e+04   3.315e+04  3.34e+04   3.365e+04  
2.378     0.0        997.2      1.995e+03  2.992e+03  3.989e+03  4.986e+03  5.983e+03  6.98e+03   7.976e+03  8.973e+03  9.883e+03  1.046e+04  1.086e+04  1.118e+04  1.144e+04  1.167e+04  1.188e+04  1.207e+04  1.226e+04  1.243e+04  1.259e+04  1.275e+04  1.291e+04  1.306e+04  1.321e+04  1.336e+04  1.35e+04   1.364e+04  1.378e+04  1.392e+04  1.405e+04  1.419e+04  1.432e+04  1.446e+04  1.459e+04  1.472e+04  1.485e+04  1.498e+04  1.511e+04  1.524e+04  1.536e+04  1.549e+04  1.562e+04  1.574e+04  1.587e+04  1.6e+04    1.612e+04  1.624e+04  1.637e+04  1.649e+04  
3.363     0.0        837.3      1.675e+03  2.513e+03  3.35e+03   4.188e+03  5.025e+03  5.863e+03  6.7e+03    7.537e+03  8.304e+03  8.797e+03  9.144e+03  9.417e+03  9.647e+03  9.848e+03  1.003e+04  1.02e+04   1.036e+04  1.051e+04  1.065e+04  1.079e+04  1.093e+04  1.106e+04  1.119e+04  1.132e+04  1.144e+04  1.156e+04  1.168e+04  1.18e+04   1.192e+04  1.204e+04  1.215e+04  1.227e+04  1.238e+04  1.25e+04   1.261e+04  1.272e+04  1.283e+04  1.295e+04  1.306e+04  1.317e+04  1.327e+04  1.338e+04  1.349e+04  1.36e+04   1.371e+04  1.381e+04  1.392e+04  1.403e+04  
4.756     0.0        772.3      1.545e+03  2.318e+03  3.091e+03  3.864e+03  4.637e+03  5.409e+03  6.182e+03  6.955e+03  7.665e+03  8.126e+03  8.453e+03  8.712e+03  8.931e+03  9.123e+03  9.297e+03  9.458e+03  9.609e+03  9.753e+03  9.89e+03   1.002e+04  1.015e+04  1.028e+04  1.04e+04   1.052e+04  1.064e+04  1.076e+04  1.087e+04  1.098e+04  1.11e+04   1.121e+04  1.132e+04  1.143e+04  1.154e+04  1.164e+04  1.175e+04  1.186e+04  1.196e+04  1.207e+04  1.217e+04  1.228e+04  1.238e+04  1.248e+04  1.258e+04  1.269e+04  1.279e+04  1.289e+04  1.299e+04  1.309e+04  
6.727     0.0        726.7      1.454e+03  2.182e+03  2.909e+03  3.637e+03  4.365e+03  5.092e+03  5.82e+03   6.548e+03  7.218e+03  7.658e+03  7.972e+03  8.221e+03  8.432e+03  8.618e+03  8.786e+03  8.942e+03  9.088e+03  9.227e+03  9.36e+03   9.489e+03  9.613e+03  9.735e+03  9.853e+03  9.97e+03   1.008e+04  1.02e+04   1.031e+04  1.042e+04  1.053e+04  1.063e+04  1.074e+04  1.085e+04  1.095e+04  1.105e+04  1.116e+04  1.126e+04  1.136e+04  1.146e+04  1.156e+04  1.166e+04  1.176e+04  1.186e+04  1.196e+04  1.206e+04  1.216e+04  1.226e+04  1.235e+04  1.245e+04  
9.513     0.0        716.0      1.433e+03  2.15e+03   2.867e+03  3.585e+03  4.302e+03  5.02e+03   5.738e+03  6.455e+03  7.117e+03  7.555e+03  7.87e+03   8.12e+03   8.333e+03  8.52e+03   8.69e+03   8.847e+03  8.994e+03  9.135e+03  9.269e+03  9.399e+03  9.525e+03  9.647e+03  9.767e+03  9.885e+03  1e+04      1.011e+04  1.023e+04  1.034e+04  1.045e+04  1.056e+04  1.066e+04  1.077e+04  1.087e+04  1.098e+04  1.108e+04  1.119e+04  1.129e+04  1.139e+04  1.149e+04  1.159e+04  1.169e+04  1.179e+04  1.189e+04  1.199e+04  1.209e+04  1.219e+04  1.229e+04  1.239e+04  
13.45     0.0        713.0      1.427e+03  2.141e+03  2.856e+03  3.571e+03  4.286e+03  5.001e+03  5.716e+03  6.431e+03  7.092e+03  7.532e+03  7.85e+03   8.103e+03  8.318e+03  8.508e+03  8.681e+03  8.84e+03   8.99e+03   9.132e+03  9.269e+03  9.401e+03  9.529e+03  9.654e+03  9.776e+03  9.896e+03  1.001e+04  1.013e+04  1.024e+04  1.036e+04  1.047e+04  1.058e+04  1.069e+04  1.08e+04   1.09e+04   1.101e+04  1.112e+04  1.122e+04  1.133e+04  1.143e+04  1.153e+04  1.164e+04  1.174e+04  1.184e+04  1.194e+04  1.204e+04  1.214e+04  1.224e+04  1.234e+04  1.244e+04  
19.02     0.0        770.6      1.542e+03  2.315e+03  3.088e+03  3.861e+03  4.634e+03  5.408e+03  6.182e+03  6.956e+03  7.671e+03  8.151e+03  8.498e+03  8.776e+03  9.011e+03  9.22e+03   9.409e+03  9.584e+03  9.749e+03  9.906e+03  1.006e+04  1.02e+04   1.034e+04  1.048e+04  1.061e+04  1.075e+04  1.088e+04  1.1e+04    1.113e+04  1.126e+04  1.138e+04  1.15e+04   1.162e+04  1.174e+04  1.186e+04  1.198e+04  1.21e+04   1.221e+04  1.233e+04  1.244e+04  1.256e+04  1.267e+04  1.278e+04  1.29e+04   1.301e+04  1.312e+04  1.323e+04  1.334e+04  1.345e+04  1.356e+04  
26.90     0.0        761.2      1.524e+03  2.287e+03  3.051e+03  3.816e+03  4.58e+03   5.345e+03  6.111e+03  6.876e+03  7.584e+03  8.062e+03  8.408e+03  8.685e+03  8.921e+03  9.129e+03  9.319e+03  9.495e+03  9.66e+03   9.817e+03  9.969e+03  1.012e+04  1.026e+04  1.04e+04   1.053e+04  1.067e+04  1.08e+04   1.093e+04  1.105e+04  1.118e+04  1.13e+04   1.143e+04  1.155e+04  1.167e+04  1.179e+04  1.191e+04  1.203e+04  1.214e+04  1.226e+04  1.238e+04  1.249e+04  1.261e+04  1.272e+04  1.284e+04  1.295e+04  1.306e+04  1.317e+04  1.328e+04  1.34e+04   1.351e+04  
38.05     0.0        1.16e+03   2.322e+03  3.486e+03  4.651e+03  5.817e+03  6.983e+03  8.15e+03   9.317e+03  1.049e+04  1.157e+04  1.23e+04   1.283e+04  1.326e+04  1.362e+04  1.395e+04  1.424e+04  1.451e+04  1.477e+04  1.501e+04  1.525e+04  1.548e+04  1.57e+04   1.591e+04  1.613e+04  1.633e+04  1.654e+04  1.674e+04  1.694e+04  1.714e+04  1.733e+04  1.752e+04  1.771e+04  1.79e+04   1.809e+04  1.827e+04  1.846e+04  1.864e+04  1.882e+04  1.901e+04  1.919e+04  1.936e+04  1.954e+04  1.972e+04  1.99e+04   2.007e+04  2.025e+04  2.042e+04  2.059e+04  2.077e+04  
53.81     0.0        1.224e+03  2.451e+03  3.679e+03  4.91e+03   6.141e+03  7.373e+03  8.607e+03  9.841e+03  1.108e+04  1.222e+04  1.3e+04    1.357e+04  1.403e+04  1.442e+04  1.476e+04  1.508e+04  1.537e+04  1.565e+04  1.591e+04  1.617e+04  1.642e+04  1.666e+04  1.689e+04  1.712e+04  1.735e+04  1.757e+04  1.779e+04  1.8e+04    1.822e+04  1.843e+04  1.864e+04  1.885e+04  1.905e+04  1.925e+04  1.946e+04  1.966e+04  1.986e+04  2.005e+04  2.025e+04  2.045e+04  2.064e+04  2.083e+04  2.103e+04  2.122e+04  2.141e+04  2.16e+04   2.179e+04  2.198e+04  2.216e+04  
76.10     0.0        1.298e+03  2.599e+03  3.903e+03  5.209e+03  6.516e+03  7.826e+03  9.136e+03  1.045e+04  1.176e+04  1.298e+04  1.382e+04  1.443e+04  1.492e+04  1.535e+04  1.572e+04  1.607e+04  1.639e+04  1.67e+04   1.699e+04  1.727e+04  1.754e+04  1.781e+04  1.807e+04  1.832e+04  1.857e+04  1.882e+04  1.906e+04  1.93e+04   1.953e+04  1.976e+04  2e+04      2.022e+04  2.045e+04  2.068e+04  2.09e+04   2.112e+04  2.134e+04  2.156e+04  2.177e+04  2.199e+04  2.22e+04   2.242e+04  2.263e+04  2.284e+04  2.305e+04  2.326e+04  2.347e+04  2.368e+04  2.388e+04  
107.6     0.0        1.05e+03   2.103e+03  3.16e+03   4.219e+03  5.28e+03   6.342e+03  7.406e+03  8.471e+03  9.537e+03  1.053e+04  1.122e+04  1.173e+04  1.215e+04  1.251e+04  1.283e+04  1.312e+04  1.34e+04   1.366e+04  1.392e+04  1.416e+04  1.439e+04  1.462e+04  1.485e+04  1.506e+04  1.528e+04  1.549e+04  1.57e+04   1.591e+04  1.611e+04  1.631e+04  1.651e+04  1.671e+04  1.69e+04   1.71e+04   1.729e+04  1.748e+04  1.767e+04  1.786e+04  1.804e+04  1.823e+04  1.841e+04  1.86e+04   1.878e+04  1.896e+04  1.914e+04  1.932e+04  1.95e+04   1.968e+04  1.986e+04  
152.2     0.0        688.5      1.381e+03  2.076e+03  2.773e+03  3.473e+03  4.174e+03  4.877e+03  5.581e+03  6.286e+03  6.947e+03  7.418e+03  7.775e+03  8.073e+03  8.333e+03  8.568e+03  8.785e+03  8.989e+03  9.182e+03  9.368e+03  9.547e+03  9.72e+03   9.889e+03  1.005e+04  1.022e+04  1.038e+04  1.053e+04  1.069e+04  1.084e+04  1.099e+04  1.114e+04  1.128e+04  1.143e+04  1.157e+04  1.172e+04  1.186e+04  1.2e+04    1.214e+04  1.227e+04  1.241e+04  1.255e+04  1.268e+04  1.282e+04  1.295e+04  1.309e+04  1.322e+04  1.335e+04  1.348e+04  1.361e+04  1.375e+04  
215.2     0.0        323.7      650.2      979.0      1.31e+03   1.643e+03  1.977e+03  2.312e+03  2.649e+03  2.987e+03  3.308e+03  3.555e+03  3.752e+03  3.92e+03   4.07e+03   4.206e+03  4.333e+03  4.453e+03  4.566e+03  4.675e+03  4.781e+03  4.883e+03  4.983e+03  5.08e+03   5.175e+03  5.269e+03  5.36e+03   5.451e+03  5.54e+03   5.628e+03  5.715e+03  5.801e+03  5.886e+03  5.97e+03   6.053e+03  6.136e+03  6.218e+03  6.299e+03  6.379e+03  6.459e+03  6.538e+03  6.617e+03  6.696e+03  6.773e+03  6.851e+03  6.928e+03  7.004e+03  7.081e+03  7.156e+03  7.232e+03  
304.4     0.0        53.87      108.5      163.9      219.9      276.5      333.5      391.1      449.0      507.3      564.1      611.9      652.8      689.1      722.3      753.1      782.1      809.8      836.3      861.8      886.6      910.6      934.1      957.1      979.6      1.002e+03  1.023e+03  1.045e+03  1.066e+03  1.086e+03  1.107e+03  1.127e+03  1.147e+03  1.167e+03  1.186e+03  1.205e+03  1.224e+03  1.243e+03  1.262e+03  1.281e+03  1.299e+03  1.317e+03  1.335e+03  1.353e+03  1.371e+03  1.389e+03  1.407e+03  1.424e+03  1.442e+03  1.459e+03  
430.5     0.0        2.741      5.546      8.41       11.33      14.29      17.3       20.35      23.44      26.56      29.67      32.57      35.28      37.82      40.21      42.49      44.67      46.77      48.78      50.73      52.61      54.44      56.22      57.96      59.65      61.3       62.91      64.49      66.04      67.56      69.04      70.5       71.94      73.35      74.74      76.1       77.45      78.78      80.08      81.38      82.65      83.91      85.15      86.39      87.61      88.81      90.01      91.19      92.37      93.53      
724.0     0.0        0.009221   0.0186     0.02814    0.03782    0.04764    0.05759    0.06766    0.07785    0.08816    0.09813    0.1063     0.1135     0.1199     0.126      0.1317     0.1372     0.1424     0.1475     0.1524     0.1571     0.1617     0.1662     0.1705     0.1748     0.179      0.183      0.187      0.1909     0.1947     0.1985     0.2022     0.2058     0.2094     0.2129     0.2163     0.2197     0.2231     0.2264     0.2297     0.2329     0.2361     0.2393     0.2424     0.2455     0.2486     0.2516     0.2546     0.2576     0.2606     
