                    Particle Diameter (mm)
                    0.01122   0.251     1.414     2.828     5.657     11.31     22.63     45.25     90.51     181.0     362.0     724.1     

          Q (cms)   Load (m3/yr)
          5.0       0.5618    0.03121   0.006018  0.004177  0.002677  0.002096  0.001748  0.002138  0.001369  0.0001971 7.649e-07 4.102e-10 
          7.0       3.457     0.1921    0.03703   0.0257    0.01647   0.0129    0.01075   0.01315   0.008422  0.001212  4.706e-06 2.524e-09 
          9.0       13.43     0.7461    0.1439    0.09985   0.06398   0.05011   0.04178   0.05111   0.03272   0.00471   1.828e-05 9.806e-09 
          11.0      39.69     2.205     0.4252    0.2951    0.1891    0.1481    0.1235    0.151     0.0967    0.01392   5.403e-05 2.898e-08 
          13.0      97.83     5.435     1.048     0.7273    0.4661    0.365     0.3043    0.3723    0.2383    0.03431   0.0001332 7.143e-08 
          15.0      211.9     11.77     2.269     1.575     1.009     0.7906    0.6591    0.8062    0.5162    0.07431   0.0002884 1.547e-07 
          17.0      416.5     23.14     4.461     3.096     1.984     1.554     1.296     1.585     1.015     0.1461    0.000567  3.041e-07 
          19.0      759.3     42.19     8.134     5.646     3.618     2.834     2.362     2.89      1.85      0.2663    0.001034  5.544e-07 
          21.0      1.304e+03 72.42     13.96     9.692     6.211     4.865     4.056     4.961     3.176     0.4572    0.001775  9.519e-07 
          23.0      2.131e+03 118.4     22.82     15.84     10.15     7.95      6.628     8.107     5.191     0.7473    0.002901  1.556e-06 
          25.0      3.342e+03 185.7     35.8      24.85     15.92     12.47     10.4      12.72     8.143     1.172     0.00455   2.44e-06  
          27.0      5.064e+03 281.4     54.25     37.65     24.13     18.9      15.76     19.27     12.34     1.776     0.006895  3.698e-06 
          29.0      7.449e+03 413.8     79.79     55.38     35.49     27.8      23.17     28.35     18.15     2.613     0.01014   5.439e-06 
          31.0      1.057e+04 587.1     114.4     79.39     50.88     39.85     33.22     40.64     26.02     3.745     0.01454   7.797e-06 
          33.0      1.436e+04 798.0     160.3     111.3     71.31     55.85     46.56     56.95     36.46     5.25      0.02038   1.093e-05 
          35.0      1.887e+04 1.048e+03 220.3     152.9     97.98     76.74     63.98     78.26     50.1      7.213     0.028     1.502e-05 
          37.0      2.41e+04  1.339e+03 297.4     206.4     132.3     103.6     86.37     105.6     67.64     9.737     0.0378    2.027e-05 
          39.0      3.009e+04 1.672e+03 394.0     274.3     175.8     137.7     114.8     140.4     89.88     12.94     0.05022   2.694e-05 
          41.0      3.683e+04 2.046e+03 507.9     359.3     230.2     180.3     150.3     183.9     117.7     16.95     0.06579   3.529e-05 
          43.0      4.434e+04 2.463e+03 639.5     463.6     297.8     233.2     194.4     237.8     152.3     21.92     0.08509   4.564e-05 
          45.0      5.262e+04 2.923e+03 789.5     584.7     380.6     298.1     248.5     304.0     194.6     28.02     0.1088    5.834e-05 
          47.0      6.167e+04 3.426e+03 958.2     723.1     481.0     377.0     314.3     384.5     246.2     35.44     0.1376    7.378e-05 
          49.0      7.15e+04  3.972e+03 1.146e+03 879.3     596.5     472.2     393.7     481.5     308.3     44.38     0.1723    9.24e-05  
          51.0      8.209e+04 4.561e+03 1.353e+03 1.054e+03 727.4     586.2     488.6     597.6     382.6     55.08     0.2138    0.0001147 
          53.0      9.345e+04 5.192e+03 1.58e+03  1.247e+03 874.1     717.7     601.4     735.6     471.0     67.8      0.2632    0.0001411 
          55.0      1.056e+05 5.865e+03 1.826e+03 1.458e+03 1.037e+03 865.7     734.6     898.5     575.2     82.81     0.3214    0.0001724 
          57.0      1.184e+05 6.581e+03 2.092e+03 1.689e+03 1.216e+03 1.031e+03 890.3     1.09e+03  697.6     100.4     0.3898    0.0002091 
          59.0      1.321e+05 7.337e+03 2.379e+03 1.939e+03 1.412e+03 1.213e+03 1.065e+03 1.313e+03 840.4     121.0     0.4696    0.0002519 
          61.0      1.464e+05 8.135e+03 2.685e+03 2.208e+03 1.625e+03 1.413e+03 1.259e+03 1.572e+03 1.006e+03 144.9     0.5622    0.0003016 
          63.0      1.615e+05 8.974e+03 3.01e+03  2.497e+03 1.855e+03 1.631e+03 1.473e+03 1.871e+03 1.198e+03 172.4     0.6692    0.0003589 
          65.0      1.773e+05 9.853e+03 3.356e+03 2.805e+03 2.102e+03 1.867e+03 1.708e+03 2.207e+03 1.418e+03 204.1     0.7923    0.0004249 
          67.0      1.939e+05 1.077e+04 3.721e+03 3.132e+03 2.367e+03 2.121e+03 1.963e+03 2.576e+03 1.67e+03  240.4     0.9331    0.0005005 
          69.0      2.111e+05 1.173e+04 4.106e+03 3.479e+03 2.649e+03 2.394e+03 2.238e+03 2.981e+03 1.957e+03 281.8     1.094     0.0005866 
          71.0      2.291e+05 1.273e+04 4.511e+03 3.845e+03 2.948e+03 2.686e+03 2.535e+03 3.421e+03 2.284e+03 328.8     1.276     0.0006845 
          73.0      2.477e+05 1.376e+04 4.935e+03 4.231e+03 3.265e+03 2.997e+03 2.854e+03 3.898e+03 2.654e+03 382.0     1.483     0.0007953 
          75.0      2.67e+05  1.483e+04 5.378e+03 4.636e+03 3.599e+03 3.327e+03 3.194e+03 4.412e+03 3.072e+03 442.1     1.716     0.0009203 
          77.0      2.87e+05  1.594e+04 5.84e+03  5.06e+03  3.951e+03 3.676e+03 3.555e+03 4.963e+03 3.53e+03  509.6     1.978     0.001061  
          79.0      3.076e+05 1.709e+04 6.322e+03 5.503e+03 4.319e+03 4.043e+03 3.939e+03 5.553e+03 4.028e+03 585.2     2.272     0.001218  
          81.0      3.289e+05 1.827e+04 6.822e+03 5.965e+03 4.706e+03 4.43e+03  4.345e+03 6.18e+03  4.566e+03 669.8     2.6       0.001394  
          83.0      3.508e+05 1.949e+04 7.34e+03  6.446e+03 5.109e+03 4.835e+03 4.772e+03 6.846e+03 5.145e+03 764.1     2.966     0.001591  
          85.0      3.734e+05 2.074e+04 7.878e+03 6.946e+03 5.53e+03  5.26e+03  5.222e+03 7.551e+03 5.766e+03 869.0     3.373     0.001809  
          87.0      3.965e+05 2.203e+04 8.433e+03 7.464e+03 5.968e+03 5.703e+03 5.694e+03 8.295e+03 6.429e+03 985.3     3.824     0.002051  
          89.0      4.203e+05 2.335e+04 9.007e+03 8e+03     6.423e+03 6.166e+03 6.188e+03 9.079e+03 7.135e+03 1.114e+03 4.324     0.002319  
          91.0      4.447e+05 2.471e+04 9.598e+03 8.555e+03 6.894e+03 6.647e+03 6.704e+03 9.901e+03 7.884e+03 1.256e+03 4.875     0.002615  
          93.0      4.697e+05 2.61e+04  1.021e+04 9.128e+03 7.383e+03 7.147e+03 7.242e+03 1.076e+04 8.677e+03 1.412e+03 5.482     0.00294   
          95.0      4.953e+05 2.752e+04 1.083e+04 9.719e+03 7.888e+03 7.666e+03 7.802e+03 1.167e+04 9.514e+03 1.584e+03 6.15      0.003298  
          97.0      5.215e+05 2.897e+04 1.148e+04 1.033e+04 8.41e+03  8.203e+03 8.385e+03 1.261e+04 1.039e+04 1.773e+03 6.882     0.003691  
          99.0      5.482e+05 3.046e+04 1.214e+04 1.095e+04 8.948e+03 8.759e+03 8.989e+03 1.359e+04 1.132e+04 1.98e+03  7.684     0.004121  
          101.0     5.756e+05 3.198e+04 1.282e+04 1.16e+04  9.503e+03 9.333e+03 9.615e+03 1.461e+04 1.229e+04 2.205e+03 8.56      0.004591  
          103.0     6.034e+05 3.352e+04 1.351e+04 1.226e+04 1.007e+04 9.925e+03 1.026e+04 1.567e+04 1.331e+04 2.452e+03 9.516     0.005104  
          105.0     6.318e+05 3.51e+04  1.423e+04 1.294e+04 1.066e+04 1.054e+04 1.093e+04 1.677e+04 1.437e+04 2.72e+03  10.56     0.005663  
          107.0     6.608e+05 3.671e+04 1.495e+04 1.363e+04 1.126e+04 1.116e+04 1.162e+04 1.791e+04 1.548e+04 3.012e+03 11.69     0.00627   
          109.0     6.903e+05 3.835e+04 1.57e+04  1.435e+04 1.188e+04 1.181e+04 1.234e+04 1.909e+04 1.663e+04 3.329e+03 12.92     0.006929  
          113.0     7.509e+05 4.171e+04 1.724e+04 1.582e+04 1.317e+04 1.316e+04 1.383e+04 2.156e+04 1.907e+04 4.044e+03 15.7      0.008418  
          115.0     7.819e+05 4.344e+04 1.803e+04 1.658e+04 1.383e+04 1.386e+04 1.46e+04  2.286e+04 2.036e+04 4.445e+03 17.26     0.009255  
          117.0     8.135e+05 4.519e+04 1.884e+04 1.736e+04 1.451e+04 1.457e+04 1.54e+04  2.42e+04  2.17e+04  4.868e+03 18.94     0.01016   
          119.0     8.455e+05 4.697e+04 1.966e+04 1.816e+04 1.521e+04 1.531e+04 1.622e+04 2.557e+04 2.308e+04 5.314e+03 20.75     0.01113   
          121.0     8.781e+05 4.878e+04 2.05e+04  1.897e+04 1.592e+04 1.606e+04 1.706e+04 2.698e+04 2.451e+04 5.784e+03 22.71     0.01218   
          125.0     9.446e+05 5.248e+04 2.222e+04 2.063e+04 1.739e+04 1.761e+04 1.88e+04  2.992e+04 2.75e+04  6.798e+03 27.07     0.01452   
          127.0     9.786e+05 5.437e+04 2.311e+04 2.149e+04 1.814e+04 1.842e+04 1.97e+04  3.145e+04 2.907e+04 7.342e+03 29.49     0.01582   
          129.0     1.013e+06 5.628e+04 2.401e+04 2.236e+04 1.891e+04 1.924e+04 2.063e+04 3.302e+04 3.068e+04 7.911e+03 32.09     0.01721   
          131.0     1.048e+06 5.822e+04 2.492e+04 2.325e+04 1.97e+04  2.007e+04 2.157e+04 3.462e+04 3.233e+04 8.505e+03 34.87     0.0187    
          133.0     1.083e+06 6.019e+04 2.585e+04 2.415e+04 2.05e+04  2.092e+04 2.253e+04 3.626e+04 3.403e+04 9.125e+03 37.84     0.02029   
          135.0     1.119e+06 6.218e+04 2.679e+04 2.507e+04 2.131e+04 2.179e+04 2.351e+04 3.794e+04 3.578e+04 9.771e+03 41.02     0.022     
          137.0     1.156e+06 6.419e+04 2.774e+04 2.6e+04   2.214e+04 2.268e+04 2.451e+04 3.966e+04 3.757e+04 1.044e+04 44.41     0.02382   
          139.0     1.192e+06 6.623e+04 2.871e+04 2.695e+04 2.298e+04 2.358e+04 2.554e+04 4.141e+04 3.941e+04 1.114e+04 48.02     0.02576   
          141.0     1.229e+06 6.83e+04  2.97e+04  2.791e+04 2.383e+04 2.449e+04 2.658e+04 4.32e+04  4.129e+04 1.186e+04 51.87     0.02782   
          143.0     1.267e+06 7.039e+04 3.069e+04 2.888e+04 2.47e+04  2.543e+04 2.764e+04 4.503e+04 4.322e+04 1.261e+04 55.97     0.03002   
          145.0     1.305e+06 7.25e+04  3.17e+04  2.987e+04 2.558e+04 2.637e+04 2.872e+04 4.689e+04 4.519e+04 1.339e+04 60.33     0.03236   
          147.0     1.343e+06 7.463e+04 3.272e+04 3.088e+04 2.648e+04 2.734e+04 2.982e+04 4.879e+04 4.72e+04  1.42e+04  64.96     0.03484   
          151.0     1.421e+06 7.897e+04 3.481e+04 3.292e+04 2.831e+04 2.931e+04 3.207e+04 5.269e+04 5.137e+04 1.588e+04 75.1      0.04028   
          155.0     1.501e+06 8.34e+04  3.695e+04 3.503e+04 3.019e+04 3.135e+04 3.44e+04  5.674e+04 5.571e+04 1.768e+04 86.48     0.04639   
          157.0     1.542e+06 8.564e+04 3.803e+04 3.61e+04  3.115e+04 3.238e+04 3.559e+04 5.881e+04 5.794e+04 1.862e+04 92.68     0.04971   
          159.0     1.582e+06 8.791e+04 3.913e+04 3.718e+04 3.213e+04 3.344e+04 3.68e+04  6.092e+04 6.022e+04 1.958e+04 99.24     0.05323   
          165.0     1.707e+06 9.484e+04 4.251e+04 4.051e+04 3.512e+04 3.669e+04 4.054e+04 6.746e+04 6.731e+04 2.265e+04 121.2     0.06501   
          167.0     1.749e+06 9.719e+04 4.366e+04 4.165e+04 3.614e+04 3.78e+04  4.182e+04 6.971e+04 6.976e+04 2.372e+04 129.4     0.06938   
          169.0     1.792e+06 9.957e+04 4.482e+04 4.28e+04  3.718e+04 3.893e+04 4.312e+04 7.199e+04 7.225e+04 2.482e+04 138.0     0.07399   
          173.0     1.879e+06 1.044e+05 4.717e+04 4.513e+04 3.929e+04 4.122e+04 4.578e+04 7.665e+04 7.736e+04 2.711e+04 156.5     0.08395   
          191.0     2.285e+06 1.27e+05  5.833e+04 5.623e+04 4.934e+04 5.222e+04 5.855e+04 9.925e+04 1.024e+05 3.877e+04 267.1     0.1433    
          193.0     2.332e+06 1.296e+05 5.963e+04 5.752e+04 5.051e+04 5.351e+04 6.005e+04 1.019e+05 1.054e+05 4.02e+04  282.6     0.1516    
          199.0     2.474e+06 1.375e+05 6.357e+04 6.146e+04 5.41e+04  5.745e+04 6.465e+04 1.101e+05 1.146e+05 4.466e+04 333.4     0.1788    
          203.0     2.571e+06 1.428e+05 6.626e+04 6.414e+04 5.654e+04 6.014e+04 6.78e+04  1.157e+05 1.209e+05 4.778e+04 371.2     0.1991    
          209.0     2.718e+06 1.51e+05  7.035e+04 6.824e+04 6.028e+04 6.426e+04 7.263e+04 1.244e+05 1.307e+05 5.265e+04 434.4     0.233     
          219.0     2.969e+06 1.649e+05 7.738e+04 7.528e+04 6.673e+04 7.138e+04 8.099e+04 1.394e+05 1.477e+05 6.13e+04  559.2     0.2999    
          241.0     3.545e+06 1.97e+05  9.363e+04 9.165e+04 8.175e+04 8.805e+04 1.006e+05 1.748e+05 1.884e+05 8.268e+04 937.6     0.5029    
          253.0     3.873e+06 2.152e+05 1.029e+05 1.01e+05  9.041e+04 9.769e+04 1.121e+05 1.955e+05 2.124e+05 9.567e+04 1.219e+03 0.6538    
          255.0     3.929e+06 2.183e+05 1.045e+05 1.026e+05 9.188e+04 9.933e+04 1.14e+05  1.99e+05  2.165e+05 9.793e+04 1.272e+03 0.6822    
          259.0     4.04e+06  2.245e+05 1.077e+05 1.059e+05 9.485e+04 1.026e+05 1.18e+05  2.062e+05 2.248e+05 1.025e+05 1.383e+03 0.742     
          281.0     4.671e+06 2.595e+05 1.258e+05 1.242e+05 1.118e+05 1.216e+05 1.405e+05 2.473e+05 2.729e+05 1.295e+05 2.149e+03 1.152     
          291.0     4.967e+06 2.759e+05 1.343e+05 1.328e+05 1.198e+05 1.306e+05 1.512e+05 2.67e+05  2.961e+05 1.428e+05 2.595e+03 1.392     
          295.0     5.087e+06 2.826e+05 1.378e+05 1.364e+05 1.231e+05 1.342e+05 1.556e+05 2.75e+05  3.055e+05 1.482e+05 2.794e+03 1.498     
          315.0     5.658e+06 3.143e+05 1.543e+05 1.532e+05 1.387e+05 1.518e+05 1.767e+05 3.137e+05 3.514e+05 1.751e+05 3.895e+03 2.089     
          325.0     5.919e+06 3.288e+05 1.619e+05 1.61e+05  1.46e+05  1.6e+05   1.864e+05 3.316e+05 3.728e+05 1.878e+05 4.492e+03 2.409     
          343.0     6.372e+06 3.54e+05  1.751e+05 1.744e+05 1.585e+05 1.741e+05 2.034e+05 3.63e+05  4.103e+05 2.103e+05 5.675e+03 3.044     
          387.4     7.43e+06  4.128e+05 2.061e+05 2.062e+05 1.882e+05 2.077e+05 2.439e+05 4.379e+05 5.004e+05 2.654e+05 9.044e+03 5.0       

probabilitQ(cms)    Load * p[j]m3/yr
0.001589  5.0       0.0008927 4.96e-05  9.563e-06 6.637e-06 4.253e-06 3.331e-06 2.777e-06 3.397e-06 2.175e-06 3.131e-07 1.215e-09 6.518e-13 
0.03178   7.0       0.1099    0.006103  0.001177  0.0008168 0.0005234 0.00041   0.0003418 0.0004181 0.0002677 3.853e-05 1.496e-07 8.022e-11 
0.04714   9.0       0.6331    0.03517   0.006781  0.004707  0.003016  0.002362  0.00197   0.002409  0.001542  0.000222  8.619e-07 4.623e-10 
0.04237   11.0      1.682     0.09343   0.01801   0.0125    0.008012  0.006276  0.005232  0.0064    0.004097  0.0005899 2.29e-06  1.228e-09 
0.03919   13.0      3.834     0.213     0.04107   0.02851   0.01827   0.01431   0.01193   0.01459   0.009341  0.001345  5.22e-06  2.8e-09   
0.0286    15.0      6.06      0.3366    0.06491   0.04505   0.02887   0.02261   0.01885   0.02306   0.01476   0.002125  8.25e-06  4.425e-09 
0.03178   17.0      13.24     0.7353    0.1418    0.0984    0.06306   0.04939   0.04118   0.05036   0.03225   0.004642  1.802e-05 9.664e-09 
0.03337   19.0      25.34     1.408     0.2714    0.1884    0.1207    0.09455   0.07883   0.09642   0.06173   0.008887  3.449e-05 1.85e-08  
0.03655   21.0      47.64     2.647     0.5103    0.3542    0.227     0.1778    0.1482    0.1813    0.1161    0.01671   6.486e-05 3.479e-08 
0.03231   23.0      68.84     3.824     0.7374    0.5118    0.328     0.2569    0.2142    0.2619    0.1677    0.02414   9.371e-05 5.026e-08 
0.03072   25.0      102.7     5.704     1.1       0.7634    0.4892    0.3831    0.3194    0.3907    0.2501    0.03601   0.0001398 7.497e-08 
0.02648   27.0      134.1     7.451     1.437     0.9972    0.639     0.5005    0.4173    0.5104    0.3268    0.04704   0.0001826 9.793e-08 
0.02701   29.0      201.2     11.18     2.155     1.496     0.9587    0.7509    0.626     0.7657    0.4902    0.07058   0.0002739 1.469e-07 
0.03125   31.0      330.3     18.35     3.575     2.481     1.59      1.245     1.038     1.27      0.813     0.117     0.0004543 2.437e-07 
0.02966   33.0      426.1     23.67     4.755     3.301     2.115     1.657     1.381     1.689     1.082     0.1557    0.0006044 3.242e-07 
0.03019   35.0      569.7     31.65     6.651     4.616     2.958     2.317     1.932     2.363     1.513     0.2178    0.0008453 4.533e-07 
0.02436   37.0      587.3     32.63     7.246     5.029     3.223     2.524     2.104     2.574     1.648     0.2372    0.0009209 4.939e-07 
0.02595   39.0      780.9     43.38     10.23     7.118     4.561     3.573     2.979     3.643     2.333     0.3358    0.001303  6.991e-07 
0.02489   41.0      916.8     50.94     12.64     8.945     5.732     4.489     3.743     4.578     2.931     0.422     0.001638  8.785e-07 
0.02913   43.0      1.292e+03 71.76     18.63     13.51     8.674     6.794     5.664     6.929     4.436     0.6386    0.002479  1.329e-06 
0.02913   45.0      1.533e+03 85.16     23.0      17.03     11.09     8.685     7.241     8.857     5.67      0.8163    0.003169  1.699e-06 
0.02013   47.0      1.241e+03 68.96     19.28     14.55     9.68      7.589     6.327     7.739     4.955     0.7133    0.002769  1.485e-06 
0.02913   49.0      2.083e+03 115.7     33.38     25.62     17.38     13.76     11.47     14.03     8.981     1.293     0.005018  2.692e-06 
0.0196    51.0      1.609e+03 89.38     26.52     20.65     14.26     11.49     9.575     11.71     7.498     1.08      0.00419   2.247e-06 
0.02754   53.0      2.574e+03 143.0     43.51     34.33     24.08     19.77     16.56     20.26     12.97     1.867     0.007248  3.888e-06 
0.02648   55.0      2.796e+03 155.3     48.36     38.62     27.46     22.93     19.45     23.79     15.23     2.193     0.008513  4.566e-06 
0.01695   57.0      2.008e+03 111.5     35.47     28.63     20.61     17.47     15.09     18.47     11.82     1.702     0.006607  3.544e-06 
0.02013   59.0      2.658e+03 147.7     47.87     39.03     28.42     24.41     21.44     26.42     16.92     2.435     0.009452  5.07e-06  
0.01536   61.0      2.249e+03 125.0     41.24     33.92     24.96     21.7      19.35     24.14     15.45     2.225     0.008636  4.632e-06 
0.01483   63.0      2.396e+03 133.1     44.65     37.03     27.51     24.18     21.85     27.75     17.76     2.557     0.009925  5.323e-06 
0.01536   65.0      2.724e+03 151.3     51.55     43.08     32.29     28.67     26.23     33.9      21.78     3.135     0.01217   6.527e-06 
0.01165   67.0      2.259e+03 125.5     43.36     36.5      27.58     24.72     22.87     30.02     19.46     2.801     0.01087   5.832e-06 
0.01589   69.0      3.355e+03 186.4     65.25     55.28     42.09     38.05     35.57     47.37     31.1      4.478     0.01738   9.322e-06 
0.01218   71.0      2.79e+03  155.0     54.95     46.85     35.91     32.73     30.89     41.68     27.82     4.006     0.01555   8.339e-06 
0.01112   73.0      2.755e+03 153.1     54.89     47.06     36.31     33.34     31.74     43.36     29.52     4.249     0.01649   8.846e-06 
0.005297  75.0      1.414e+03 78.56     28.48     24.55     19.06     17.62     16.92     23.37     16.27     2.341     0.009088  4.874e-06 
0.009534  77.0      2.736e+03 152.0     55.68     48.24     37.66     35.04     33.9      47.32     33.66     4.858     0.01886   1.011e-05 
0.006356  79.0      1.955e+03 108.6     40.18     34.98     27.45     25.7      25.04     35.29     25.6      3.72      0.01444   7.744e-06 
0.005826  81.0      1.916e+03 106.4     39.74     34.75     27.42     25.81     25.31     36.01     26.6      3.903     0.01515   8.125e-06 
0.004237  83.0      1.486e+03 82.58     31.1      27.31     21.65     20.49     20.22     29.01     21.8      3.238     0.01257   6.741e-06 
0.006356  85.0      2.373e+03 131.8     50.07     44.15     35.15     33.43     33.19     47.99     36.65     5.523     0.02144   1.15e-05  
0.005826  87.0      2.31e+03  128.4     49.13     43.49     34.77     33.23     33.17     48.33     37.46     5.74      0.02228   1.195e-05 
0.004767  89.0      2.004e+03 111.3     42.93     38.14     30.62     29.39     29.5      43.28     34.01     5.31      0.02061   1.105e-05 
0.002648  91.0      1.178e+03 65.43     25.42     22.66     18.26     17.6      17.75     26.22     20.88     3.326     0.01291   6.924e-06 
0.002648  93.0      1.244e+03 69.11     27.03     24.17     19.55     18.93     19.18     28.51     22.98     3.74      0.01452   7.787e-06 
0.003178  95.0      1.574e+03 87.45     34.43     30.89     25.07     24.36     24.8      37.07     30.23     5.035     0.01954   1.048e-05 
0.004237  97.0      2.21e+03  122.8     48.64     43.76     35.64     34.76     35.53     53.42     44.05     7.513     0.02916   1.564e-05 
0.002119  99.0      1.162e+03 64.53     25.72     23.21     18.96     18.56     19.04     28.79     23.99     4.194     0.01628   8.731e-06 
0.003708  101.0     2.134e+03 118.6     47.53     43.0      35.23     34.6      35.65     54.16     45.57     8.177     0.03174   1.702e-05 
0.004767  103.0     2.876e+03 159.8     64.42     58.44     48.02     47.31     48.92     74.7      63.44     11.69     0.04536   2.433e-05 
0.001059  105.0     669.3     37.18     15.07     13.71     11.29     11.16     11.58     17.76     15.22     2.881     0.01118   5.998e-06 
0.001059  107.0     700.0     38.89     15.84     14.44     11.93     11.83     12.31     18.97     16.4      3.19      0.01238   6.642e-06 
0.001059  109.0     731.2     40.62     16.63     15.2      12.59     12.51     13.07     20.22     17.62     3.526     0.01369   7.34e-06  
0.001589  113.0     1.193e+03 66.28     27.39     25.14     20.92     20.91     21.97     34.26     30.31     6.425     0.02494   1.338e-05 
0.0005297 115.0     414.1     23.01     9.55      8.783     7.327     7.339     7.735     12.11     10.79     2.354     0.009139  4.902e-06 
0.001589  117.0     1.293e+03 71.81     29.93     27.59     23.06     23.16     24.47     38.45     34.48     7.734     0.03009   1.614e-05 
0.0005297 119.0     447.8     24.88     10.41     9.616     8.056     8.108     8.592     13.54     12.22     2.815     0.01099   5.896e-06 
0.002648  121.0     2.325e+03 129.2     54.29     50.23     42.16     42.53     45.18     71.46     64.91     15.32     0.06014   3.226e-05 
0.001589  125.0     1.501e+03 83.39     35.31     32.79     27.63     27.99     29.88     47.55     43.7      10.8      0.04301   2.307e-05 
0.002648  127.0     2.592e+03 144.0     61.2      56.91     48.05     48.77     52.18     83.29     76.97     19.44     0.0781    4.189e-05 
0.001589  129.0     1.61e+03  89.43     38.15     35.53     30.05     30.57     32.77     52.47     48.74     12.57     0.05099   2.735e-05 
0.0005297 131.0     555.1     30.84     13.2      12.31     10.43     10.63     11.42     18.34     17.13     4.505     0.01847   9.905e-06 
0.001059  133.0     1.148e+03 63.76     27.38     25.58     21.71     22.17     23.87     38.41     36.05     9.667     0.04008   2.15e-05  
0.001059  135.0     1.186e+03 65.87     28.38     26.56     22.57     23.09     24.91     40.19     37.9      10.35     0.04345   2.33e-05  
0.0005297 137.0     612.0     34.0      14.69     13.77     11.73     12.01     12.98     21.0      19.9      5.531     0.02352   1.261e-05 
0.001059  139.0     1.263e+03 70.16     30.42     28.55     24.34     24.98     27.05     43.87     41.75     11.8      0.05087   2.728e-05 
0.001589  141.0     1.953e+03 108.5     47.19     44.35     37.87     38.92     42.23     68.64     65.61     18.85     0.08242   4.421e-05 
0.001059  143.0     1.342e+03 74.56     32.51     30.6      26.17     26.94     29.28     47.7      45.78     13.36     0.05929   3.18e-05  
0.001059  145.0     1.382e+03 76.8      33.58     31.64     27.1      27.94     30.42     49.67     47.87     14.19     0.06391   3.428e-05 
0.0005297 147.0     711.5     39.53     17.33     16.35     14.02     14.48     15.79     25.84     25.0      7.519     0.03441   1.845e-05 
0.0005297 151.0     752.9     41.83     18.44     17.44     14.99     15.53     16.99     27.91     27.21     8.413     0.03978   2.133e-05 
0.0005297 155.0     795.1     44.17     19.57     18.55     15.99     16.6      18.22     30.05     29.51     9.364     0.04581   2.457e-05 
0.0005297 157.0     816.5     45.36     20.15     19.12     16.5      17.15     18.85     31.15     30.69     9.861     0.04909   2.633e-05 
0.001059  159.0     1.676e+03 93.13     41.46     39.39     34.03     35.42     38.99     64.54     63.79     20.75     0.1051    5.638e-05 
0.0005297 165.0     904.2     50.23     22.51     21.46     18.6      19.43     21.47     35.73     35.65     11.99     0.0642    3.444e-05 
0.001059  167.0     1.853e+03 103.0     46.25     44.12     38.29     40.04     44.31     73.84     73.9      25.13     0.137     7.35e-05  
0.0005297 169.0     949.3     52.74     23.74     22.67     19.69     20.62     22.84     38.13     38.27     13.15     0.07307   3.919e-05 
0.0005297 173.0     995.1     55.28     24.99     23.9      20.81     21.83     24.25     40.6      40.98     14.36     0.08291   4.447e-05 
0.0005297 191.0     1.21e+03  67.24     30.9      29.78     26.13     27.66     31.01     52.57     54.24     20.53     0.1415    7.589e-05 
0.0005297 193.0     1.235e+03 68.62     31.58     30.46     26.75     28.34     31.81     53.98     55.82     21.29     0.1497    8.028e-05 
0.0005297 199.0     1.311e+03 72.81     33.67     32.55     28.65     30.43     34.24     58.32     60.68     23.66     0.1766    9.471e-05 
0.0005297 203.0     1.362e+03 75.65     35.09     33.97     29.95     31.85     35.91     61.29     64.03     25.3      0.1966    0.0001055 
0.0005297 209.0     1.44e+03  79.98     37.26     36.14     31.93     34.04     38.47     65.87     69.2      27.88     0.2301    0.0001234 
0.0005297 219.0     1.573e+03 87.36     40.98     39.87     35.34     37.81     42.9      73.81     78.23     32.47     0.2962    0.0001588 
0.0005297 241.0     1.878e+03 104.3     49.59     48.54     43.3      46.63     53.31     92.59     99.78     43.79     0.4966    0.0002664 
0.0005297 253.0     2.051e+03 114.0     54.53     53.52     47.88     51.74     59.36     103.6     112.5     50.67     0.6456    0.0003463 
0.0005297 255.0     2.081e+03 115.6     55.36     54.37     48.67     52.61     60.39     105.4     114.7     51.87     0.6737    0.0003613 
0.0005297 259.0     2.14e+03  118.9     57.05     56.07     50.24     54.37     62.48     109.2     119.1     54.3      0.7328    0.000393  
0.0005297 281.0     2.474e+03 137.5     66.62     65.78     59.21     64.4      74.42     131.0     144.6     68.6      1.138     0.0006104 
0.0005297 291.0     2.631e+03 146.2     71.13     70.36     63.46     69.17     80.1      141.4     156.8     75.62     1.375     0.0007372 
0.0005297 295.0     2.694e+03 149.7     72.96     72.22     65.19     71.11     82.42     145.6     161.8     78.52     1.48      0.0007936 
0.0005297 315.0     2.997e+03 166.5     81.72     81.14     73.48     80.43     93.58     166.1     186.1     92.73     2.063     0.001106  
0.0005297 325.0     3.135e+03 174.2     85.75     85.25     77.31     84.73     98.74     175.7     197.5     99.46     2.379     0.001276  
0.0005297 343.0     3.375e+03 187.5     92.73     92.38     83.95     92.23     107.8     192.3     217.3     111.4     3.006     0.001613  
0.0005297 387.4     3.936e+03 218.6     109.2     109.2     99.68     110.0     129.2     231.9     265.0     140.6     4.79      0.002648  
          Sum       1.39e+05  7.722e+03 3.096e+03 2.827e+03 2.355e+03 2.371e+03 2.534e+03 4.085e+03 3.952e+03 1.431e+03 21.78     0.01176   