Q         Tau (rho*g*Hc*Sf)
5.0       8.392     
7.0       10.27     
9.0       11.94     
11.0      13.47     
13.0      14.89     
15.0      16.22     
17.0      17.49     
19.0      18.7      
21.0      19.85     
23.0      20.97     
25.0      22.04     
27.0      23.08     
29.0      24.09     
31.0      25.08     
33.0      26.04     
35.0      26.97     
37.0      27.89     
39.0      28.78     
41.0      29.66     
43.0      30.52     
45.0      31.36     
47.0      32.19     
49.0      33.01     
51.0      33.81     
53.0      34.6      
55.0      35.38     
57.0      36.14     
59.0      36.9      
61.0      37.64     
63.0      38.38     
65.0      39.1      
67.0      39.82     
69.0      40.53     
71.0      41.23     
73.0      41.93     
75.0      42.61     
77.0      43.29     
79.0      43.96     
81.0      44.62     
83.0      45.28     
85.0      45.93     
87.0      46.58     
89.0      47.22     
91.0      47.85     
93.0      48.48     
95.0      49.1      
97.0      49.72     
99.0      50.33     
101.0     50.94     
103.0     51.54     
105.0     52.14     
107.0     52.74     
109.0     53.33     
113.0     54.49     
115.0     55.07     
117.0     55.64     
119.0     56.21     
121.0     56.77     
125.0     57.89     
127.0     58.45     
129.0     59.0      
131.0     59.55     
133.0     60.09     
135.0     60.63     
137.0     61.17     
139.0     61.7      
141.0     62.23     
143.0     62.76     
145.0     63.29     
147.0     63.81     
151.0     64.84     
155.0     65.87     
157.0     66.38     
159.0     66.88     
165.0     68.39     
167.0     68.88     
169.0     69.38     
173.0     70.36     
191.0     74.66     
193.0     75.13     
199.0     76.52     
203.0     77.44     
209.0     78.81     
219.0     81.05     
241.0     85.84     
253.0     88.38     
255.0     88.8      
259.0     89.63     
281.0     94.13     
291.0     96.12     
295.0     96.91     
315.0     100.6     
325.0     102.2     
343.0     104.9     
387.4     110.8     
