21.10171408
20.65997128
19.4366835
20.04832739
20.86385257
18.99494069
17.87359357
23.922072
30.37831302
26.53854863
26.67446948
56.74696057
82.2321225
44.17428068
30.20841194
25.24730042
22.83470509
21.20365472
29.18900546
33.98021591
39.75685261
32.55304685
31.46567993
28.84920331
24.09197308
22.4269425
65.5818167
80.19330955
51.98973035
42.47526989
34.99962239
31.43169972
30.9559767
29.32492633
26.60650906
26.43660798
28.23755942
37.3782375
42.47526989
34.32001807
29.97055043
30.31035259
25.17933998
24.83953783
33.19867094
28.54338137
31.43169972
27.08223208
24.94147848
25.07739934
23.4803292
22.08714034
21.03375365
20.18424826
19.81046587
19.4366835
20.21822846
23.54828963
30.27637237
25.72302344
23.95605222
22.01917991
20.99977343
38.39764398
32.41712598
26.87835078
24.09197308
23.78615113
73.0574642
230.7256661
117.9113492
82.91172682
67.62062966
197.4250544
153.5905759
101.9406477
82.2321225
68.30023398
60.14498216
53.68874114
48.93151091
45.19368716
41.79566557
39.75685261
37.3782375
35.33942455
34.32001807
32.6889677
30.98995691
29.63074828
28.84920331
27.82979683
26.84437057
26.2667069
26.94631122
26.06282561
24.87351805
24.29585437
23.17450726
22.80072487
23.24246768
24.80555761
25.07739934
26.87835078
121.9889752
146.1149284
106.697878
79.17390307
64.56241022
61.5041908
80.19330955
110.7755039
156.6487954
104.9988672
86.30974841
76.79528796
68.30023398
60.14498216
55.38775193
53.00913682
47.91210443
48.59170876
45.19368716
40.43645693
40.43645693
39.41705046
36.01902887
38.39764398
78.49429876
63.88280591
58.44597137
56.74696057
99.90183478
83.9311333
66.94102535
58.1061692
91.74658296
106.3580758
83.25152898
74.07687068
64.56241022
59.12557568
55.72755409
51.64992818
48.59170876
46.5528958
45.53348932
49.95091739
64.56241022
64.56241022
59.46537785
54.36834546
49.95091739
45.53348932
44.51408285
42.47526989
53.34893898
47.57230228
42.13546772
49.61111522
77.81469444
66.60122318
60.48478432
59.46537785
51.98973035
49.27131307
47.23250011
46.21309364
43.49467637
39.0772483
41.11606126
38.05784182
39.41705046
38.05784182
35.33942455
33.77633461
33.81031483
37.03843535
37.3782375
39.0772483
39.0772483
35.6792267
60.14498216
73.0574642
59.12557568
50.97032387
54.0285433
46.5528958
44.51408285
43.1548742
38.05784182
37.03843535
36.35883102
36.01902887
38.39764398
49.27131307
65.24201455
64.56241022
56.74696057
50.6305217
45.87329148
46.5528958
45.87329148
42.13546772
39.41705046
37.03843535
34.99962239
34.65982022
37.71803966
42.13546772
44.853885
46.5528958
43.49467637
42.47526989
47.57230228
51.64992818
46.5528958
44.51408285
66.26142102
63.88280591
65.24201455
88.34856137
108.7366909
122.6685794
151.8915652
112.4745147
90.72717648
82.2321225
85.29034194
83.9311333
73.73706852
67.2808275
62.52359728
57.76636705
54.36834546
55.04794978
62.86339944
66.94102535
61.84399296
57.08676272
56.06735626
62.18379511
76.79528796
97.86302182
106.697878
98.8824283
87.32915489
78.49429876
76.11568364
94.12519807
122.6685794
98.54262614
86.64955057
77.81469444
78.15449659
83.59133114
83.59133114
79.51370524
73.0574642
80.5331117
118.2511514
123.0083816
98.8824283
84.95053978
76.79528796
71.69825557
77.81469444
84.61073761
73.39726637
70.33904694
71.01865126
84.27093546
92.42618728
86.64955057
78.49429876
92.76598944
126.7462054
103.6396585
88.34856137
79.85350739
83.25152898
89.02816568
89.02816568
88.0087592
77.81469444
75.09627716
68.9798383
68.64003614
77.47489228
89.36796785
92.08638511
90.04757216
87.32915489
82.2321225
79.17390307
74.07687068
78.83410091
83.59133114
97.1834175
104.659065
94.80480239
96.16401103
103.6396585
95.14460455
99.90183478
85.63014409
85.96994626
84.95053978
78.15449659
79.51370524
72.37785989
64.56241022
58.1061692
55.38775193
55.38775193
58.1061692
59.12557568
55.04794978
53.68874114
49.61111522
48.93151091
44.17428068
43.49467637
42.81507205
42.47526989
46.21309364
48.59170876
44.853885
42.13546772
37.3782375
34.99962239
32.96080943
31.32975907
30.65015476
30.7520954
32.51906663
30.7520954
30.82005583
30.31035259
29.32492633
27.35407381
25.14535978
23.34440833
22.15510078
20.96579322
20.04832739
19.6405648
20.35414933
19.50464393
19.13086156
18.48523746
17.80563313
17.09204861
16.51438493
16.17458278
15.97070148
15.83478061
15.97070148
16.07264213
16.07264213
16.03866191
16.71826622
15.56293889
14.40761155
13.69402702
13.35422485
14.98527522
13.28626442
16.2425432
13.08238313
13.11636334
16.31050363
13.59208637
13.38820507
12.94646226
13.01442269
12.1649173
11.75715471
11.3154119
11.1115306
11.45133276
11.28143168
10.90764931
11.1115306
10.73774823
10.22804499
9.88824283
9.616401103
9.412519807
10.4659065
9.820282398
9.344559376
9.174658296
8.936796785
11.24745147
45.19368716
46.89269796
60.14498216
28.4074605
24.29585437
74.41667285
40.09665478
29.73268892
24.70361696
21.74733818
20.25220868
18.65513854
17.7376727
20.11628782
39.41705046
41.79566557
49.95091739
124.7073924
121.3093708
59.46537785
44.853885
44.17428068
51.98973035
43.83447852
44.17428068
41.11606126
40.09665478
39.75685261
42.13546772
52.3295325
50.6305217
53.00913682
51.64992818
53.34893898
88.0087592
86.98935274
173.6389033
151.551763
108.0570866
63.88280591
114.1735255
92.42618728
68.64003614
61.5041908
61.5041908
65.5818167
109.0764931
169.9010796
230.0460617
200.4832739
174.3185076
189.9494069
145.7751263
123.3481837
116.5521406
103.2998564
90.72717648
78.49429876
70.33904694
63.88280591
60.82458648
57.76636705
54.36834546
50.97032387
54.36834546
50.97032387
50.97032387
52.66933466
47.57230228
47.57230228
45.87329148
44.17428068
40.77625909
39.0772483
37.3782375
36.69863318
36.69863318
35.6792267
33.98021591
32.96080943
32.28120511
30.58219432
31.94140296
31.26179863
30.58219432
40.77625909
84.95053978
139.9984896
82.57192466
67.96043182
59.46537785
51.64992818
44.51408285
39.0772483
35.33942455
33.13071052
32.96080943
32.28120511
32.96080943
33.98021591
36.35883102
40.77625909
48.25190659
42.47526989
38.39764398
34.99962239
33.64041376
32.28120511
34.32001807
43.49467637
41.79566557
40.43645693
39.41705046
38.39764398
42.81507205
45.53348932
44.17428068
42.47526989
41.45586341
40.77625909
39.75685261
39.41705046
38.39764398
38.05784182
37.71803966
40.09665478
38.05784182
36.35883102
34.65982022
33.64041376
32.96080943
34.32001807
33.64041376
31.6016008
34.32001807
30.92199648
29.90259
29.56278785
67.96043182
78.15449659
66.26142102
57.76636705
53.34893898
48.93151091
45.53348932
38.73744613
36.01902887
33.98021591
55.72755409
82.57192466
105.6784715
88.34856137
77.47489228
69.99924478
65.92161887
61.5041908
57.08676272
98.54262614
80.87291387
65.5818167
61.16438864
57.08676272
54.70814761
51.64992818
48.25190659
44.51408285
42.13546772
44.853885
52.3295325
61.5041908
65.5818167
57.08676272
59.12557568
103.6396585
115.8725363
88.0087592
78.83410091
72.71766205
91.4067808
80.5331117
71.69825557
66.26142102
62.86339944
59.46537785
55.38775193
51.31012602
45.87329148
50.97032387
56.74696057
51.98973035
47.91210443
45.19368716
44.17428068
46.5528958
50.29071955
55.04794978
59.46537785
57.76636705
52.66933466
48.59170876
45.87329148
47.57230228
51.31012602
54.70814761
84.61073761
112.8143168
116.8919427
115.1929319
116.2123384
122.3287772
155.9691911
140.6780939
112.1347125
88.68836353
83.59133114
86.64955057
79.85350739
73.0574642
67.62062966
69.99924478
64.22260807
61.16438864
58.1061692
54.36834546
50.29071955
57.42656489
66.60122318
74.756475
71.35845341
68.64003614
68.9798383
74.07687068
80.87291387
86.64955057
97.86302182
101.9406477
96.16401103
87.66895705
80.19330955
75.09627716
70.33904694
68.64003614
62.86339944
60.82458648
62.52359728
63.88280591
70.33904694
75.09627716
66.60122318
59.80518
58.78577352
57.42656489
64.90221239
70.67884909
70.33904694
78.83410091
81.21271602
79.17390307
78.15449659
79.85350739
92.76598944
100.9212413
83.9311333
72.71766205
66.26142102
63.20320159
61.16438864
61.16438864
59.46537785
58.78577352
53.34893898
46.21309364
42.13546772
40.77625909
40.77625909
40.09665478
41.11606126
42.13546772
40.77625909
39.41705046
38.05784182
37.71803966
36.01902887
35.6792267
34.99962239
33.67439396
32.51906663
31.32975907
30.44627346
30.03851087
29.66472848
29.49482741
29.01910439
27.72785618
27.38805402
27.65989576
26.98029143
25.89292452
25.6210828
25.2133202
24.94147848
25.31526085
23.7181907
22.15510078
20.62599106
25.55312237
21.7813184
20.55803063
19.67454502
18.51921767
17.16000904
16.14060256
15.63089932
15.90274105
16.34448385
15.29109716
14.40761155
14.951295
20.42210976
27.52397489
37.71803966
20.59201084
16.71826622
16.10662234
16.2425432
14.81537413
14.06780939
14.06780939
13.93188852
13.35422485
12.98044248
12.64064032
12.1649173
12.53869967
12.84452161
12.09695687
12.36879859
14.23771046
13.2522842
11.21347125
9.990183478
9.446500024
11.3154119
21.88325905
42.81507205
22.73276444
15.69885976
12.60666011
11.79113492
104.659065
188.5901983
162.0856298
102.2804499
85.63014409
65.92161887
54.0285433
49.95091739
50.6305217
58.1061692
50.6305217
41.11606126
37.3782375
34.99962239
32.62100728
30.61617454
29.05308461
27.82979683
27.08223208
25.85894431
24.70361696
23.82013135
23.07256661
22.6308238
22.52888315
22.05316013
21.40753602
20.76191192
20.04832739
19.87842631
19.16484178
18.41727702
17.90757378
19.2328022
17.97553422
26.06282561
22.97062596
18.62115832
19.50464393
18.65513854
60.48478432
39.0772483
24.87351805
19.98036696
18.7910594
28.23755942
35.6792267
25.99486517
23.34440833
24.87351805
22.15510078
31.66956122
74.41667285
44.51408285
34.65982022
31.53364037
30.03851087
28.13561878
26.06282561
24.53371589
24.15993352
23.00460617
21.95121948
21.7813184
59.12557568
54.0285433
36.35883102
30.41229324
27.89775726
27.52397489
25.14535978
24.46575546
23.85411157
23.2764479
22.35898207
22.05316013
21.88325905
20.79589213
21.27161516
20.32016911
19.06290113
18.62115832
17.46583098
18.07747487
19.91240652
19.81046587
28.6113418
23.2764479
20.01434717
19.16484178
21.10171408
20.931813
18.7910594
18.38329681
18.24737594
17.32991011
22.49490293
31.77150187
22.01917991
20.55803063
19.74250544
22.83470509
25.96088496
29.4608472
31.26179863
161.4060256
81.89232035
74.756475
62.52359728
48.59170876
44.853885
44.17428068
40.77625909
37.71803966
34.32001807
31.83946231
30.41229324
28.71328244
27.52397489
26.7084497
25.89292452
25.04341913
25.85894431
41.45586341
37.3782375
30.31035259
25.11137956
23.2764479
21.30559537
18.55319789
17.66971228
16.37846407
16.2425432
15.97070148
16.27652342
19.98036696
21.71335796
52.66933466
40.77625909
47.23250011
54.0285433
71.69825557
71.01865126
71.01865126
63.54300376
55.04794978
47.91210443
43.1548742
39.41705046
37.71803966
47.91210443
49.95091739
53.00913682
54.70814761
52.3295325
53.34893898
68.30023398
77.13509011
135.5810615
307.1811518
182.1339572
163.7846407
251.1137956
155.6293889
120.2899643
108.7366909
102.2804499
114.5133276
112.8143168
167.5224644
124.7073924
107.3774823
100.5814391
92.08638511
82.91172682
71.35845341
66.60122318
61.16438864
72.03805774
82.91172682
67.2808275
64.22260807
84.27093546
81.21271602
65.92161887
58.1061692
53.68874114
51.31012602
52.3295325
49.27131307
51.98973035
51.31012602
59.80518
63.88280591
54.70814761
51.64992818
50.6305217
49.95091739
49.61111522
49.61111522
49.95091739
68.9798383
63.54300376
58.1061692
59.80518
53.34893898
52.66933466
50.97032387
75.77588148
67.2808275
59.12557568
58.78577352
54.0285433
51.31012602
56.40715841
74.07687068
83.9311333
84.27093546
94.12519807
93.78539591
78.83410091
71.01865126
72.03805774
80.87291387
72.37785989
66.94102535
63.20320159
69.65944261
88.0087592
102.2804499
100.9212413
83.25152898
74.756475
73.73706852
68.9798383
68.64003614
73.73706852
111.4551082
102.9600542
78.15449659
72.71766205
69.65944261
63.88280591
60.48478432
59.12557568
60.14498216
63.88280591
70.67884909
76.4554858
76.79528796
69.65944261
64.56241022
63.88280591
66.60122318
68.64003614
62.86339944
56.40715841
57.08676272
59.80518
58.78577352
53.34893898
50.97032387
48.59170876
49.95091739
50.29071955
52.66933466
47.57230228
46.89269796
47.91210443
48.93151091
50.29071955
49.61111522
51.98973035
54.70814761
50.97032387
46.5528958
47.23250011
50.97032387
48.93151091
43.1548742
39.75685261
45.87329148
47.23250011
46.5528958
45.19368716
41.45586341
40.09665478
41.11606126
41.45586341
42.81507205
40.09665478
37.71803966
35.6792267
33.02876987
36.01902887
34.32001807
31.05791735
29.32492633
29.66472848
29.49482741
27.59193532
26.60650906
25.99486517
26.02884539
26.60650906
26.60650906
25.38322128
24.36381481
23.51430941
23.88809178
23.14052704
22.73276444
21.91723926
20.82987235
19.47066372
18.58717811
17.90757378
17.70369248
19.36872307
28.57736158
24.36381481
21.37355581
19.67454502
18.51921767
18.00951443
17.97553422
17.19398926
15.63089932
14.50955219
13.86392809
13.62606658
13.28626442
13.32024463
13.79596766
13.99984896
13.49014572
13.04840291
12.43675902
11.48531298
11.55327341
12.57267989
10.97560974
10.36396585
10.09212413
9.88824283
9.88824283
9.71834175
9.446500024
8.868836353
8.529034194
8.22321225
8.087291387
7.985350739
8.019330955
8.39311333
9.854262614
10.22804499
9.752321966
9.072717648
9.038737432
11.07755039
33.9462357
18.04349465
27.69387596
20.55803063
13.52412593
11.55327341
11.82511514
10.6697878
9.412519807
8.902816568
8.970777
9.106697864
9.072717648
9.106697864
8.427093546
7.917390307
7.577588148
8.868836353
10.70376801
9.344559376
36.01902887
22.12112056
26.94631122
26.98029143
46.89269796
25.38322128
64.22260807
83.9311333
141.0178961
104.3192628
58.44597137
103.2998564
128.7850183
75.09627716
88.0087592
120.2899643
117.5715471
123.3481837
92.42618728
79.51370524
90.38737432
165.8234537
102.9600542
159.7070148
122.3287772
94.80480239
90.72717648
78.15449659
69.99924478
58.1061692
55.04794978
50.6305217
46.21309364
43.49467637
40.77625909
38.05784182
36.01902887
36.69863318
62.52359728
65.24201455
67.2808275
59.12557568
150.1925543
150.1925543
203.8812955
310.5791735
144.7557198
96.16401103
85.96994626
79.85350739
71.69825557
66.60122318
66.94102535
72.03805774
64.22260807
83.59133114
353.3942455
377.1803966
304.4627346
238.8809178
144.7557198
104.9988672
87.32915489
77.13509011
69.31964046
65.92161887
70.67884909
91.74658296
145.0955219
84.27093546
104.9988672
97.1834175
81.21271602
75.43607932
74.07687068
69.65944261
64.90221239
58.1061692
54.36834546
54.70814761
53.34893898
49.95091739
60.82458648
206.9395148
91.4067808
72.71766205
65.92161887
62.18379511
59.46537785
54.70814761
50.29071955
50.6305217
51.64992818
53.34893898
59.12557568
50.6305217
130.8238313
78.15449659
66.60122318
59.80518
57.42656489
82.91172682
96.50381318
72.03805774
61.84399296
57.76636705
54.70814761
51.31012602
49.61111522
48.25190659
47.57230228
47.23250011
45.87329148
44.853885
130.8238313
390.772483
242.6187416
175.6777163
126.0666011
96.50381318
80.5331117
75.09627716
75.09627716
68.9798383
64.22260807
62.18379511
59.46537785
57.08676272
54.70814761
51.64992818
47.57230228
44.853885
41.79566557
40.09665478
38.73744613
37.71803966
38.73744613
36.69863318
35.33942455
34.65982022
33.67439396
32.82488857
32.21324468
31.56762058
30.98995691
30.37831302
29.76666913
28.6113418
29.97055043
36.35883102
31.46567993
56.06735626
49.27131307
43.49467637
40.43645693
38.73744613
38.39764398
59.12557568
88.0087592
63.20320159
54.70814761
48.59170876
50.97032387
55.04794978
48.93151091
53.00913682
49.27131307
54.0285433
52.3295325
47.91210443
44.853885
42.81507205
41.11606126
39.75685261
38.73744613
37.3782375
35.6792267
33.98021591
33.84429505
36.01902887
33.70837418
32.72294792
31.63558102
30.1064713
29.6987087
30.7520954
31.05791735
30.48025367
30.48025367
31.32975907
30.1064713
28.81522309
29.39288676
28.06765834
26.94631122
29.35890655
36.35883102
31.66956122
28.81522309
27.65989576
27.35407381
26.67446948
26.40262776
27.55795511
26.19874646
24.83953783
24.39779502
24.46575546
25.28128063
26.19874646
25.4172015
27.25213316
27.01427165
27.35407381
26.16476626
25.17933998
26.16476626
26.87835078
26.40262776
26.912331
28.16959898
27.28611337
27.28611337
25.75700366
25.00943891
25.11137956
25.48516193
25.96088496
24.83953783
23.20848746
22.66480402
22.97062596
22.49490293
22.2230612
21.33957559
21.37355581
21.91723926
21.95121948
20.99977343
19.94638674
19.13086156
18.58717811
17.66971228
17.05806839
16.92214752
17.02408817
16.51438493
16.41244428
16.17458278
15.46099824
15.01925543
14.61149284
14.3056709
14.67945328
14.91731478
15.52895867
15.59691911
15.42701802
15.63089932
15.56293889
14.98527522
14.78139392
14.54353241
14.44159176
14.03382917
13.79596766
13.49014572
13.18432378
13.42218528
13.32024463
12.8105414
12.30083816
12.53869967
11.62123384
11.07755039
10.87366909
10.6697878
10.87366909
11.55327341
11.82511514
10.83968888
9.990183478
10.02416369
10.39794607
11.79113492
10.70376801
10.19406477
9.990183478
10.02416369
10.12610434
10.29600542
10.05814391
9.88824283
9.956203261
9.54844067
9.004757216
8.936796785
8.970777
9.276598944
9.514460455
9.310579159
9.106697864
8.970777
9.072717648
9.14067808
8.902816568
8.155251818
8.087291387
8.22321225
8.359133114
8.257192466
7.849429876
7.509627716
7.4756475
7.407687068
7.135845341
7.101865126
7.169825557
8.664955057
18.92698026
32.28120511
25.89292452
29.39288676
24.43177524
22.73276444
19.6405648
16.48040472
20.38812955
18.82503961
15.22313672
13.01442269
12.19889752
11.89307557
11.58725363
10.97560974
9.820282398
9.310579159
9.310579159
9.990183478
10.29600542
11.85909535
20.38812955
23.58226984
14.47557198
12.06297665
11.38337233
13.82994787
11.92705578
10.53386693
10.02416369
9.684361535
9.446500024
9.242618728
9.072717648
8.902816568
8.596994626
8.427093546
8.359133114
11.48531298
13.99984896
11.00958996
31.46567993
41.11606126
26.87835078
24.90749826
21.37355581
18.85901983
17.05806839
15.76682018
14.23771046
12.67462054
11.58725363
10.87366909
10.53386693
10.05814391
9.71834175
9.854262614
12.64064032
10.94162952
10.63580758
15.32507737
34.99962239
152.9109716
69.31964046
55.38775193
42.47526989
37.03843535
34.32001807
32.6889677
63.88280591
57.42656489
45.19368716
40.43645693
43.1548742
50.97032387
465.528958
171.6000904
115.8725363
93.44559376
411.1606126
155.6293889
85.96994626
74.756475
69.99924478
62.86339944
57.76636705
54.36834546
49.95091739
47.57230228
45.87329148
44.17428068
43.49467637
42.47526989
43.1548742
48.93151091
151.2119608
95.14460455
91.4067808
143.056709
160.3866191
288.4920331
349.9962239
190.2892091
138.2994787
109.7560974
118.9307557
96.50381318
80.19330955
69.99924478
66.94102535
91.74658296
73.0574642
73.0574642
71.35845341
64.56241022
62.52359728
60.14498216
51.98973035
47.57230228
45.87329148
44.17428068
42.47526989
40.77625909
39.0772483
38.05784182
37.3782375
36.35883102
35.33942455
34.99962239
34.99962239
34.32001807
33.40255224
32.75692813
32.11130404
32.79090835
41.45586341
74.41667285
51.31012602
44.17428068
48.59170876
66.26142102
67.62062966
58.78577352
51.64992818
170.2408817
263.3466733
123.3481837
89.02816568
76.11568364
82.2321225
102.2804499
337.7633461
168.8816731
128.7850183
110.7755039
94.80480239
85.96994626
83.25152898
84.27093546
86.98935274
94.46500024
82.91172682
79.17390307
81.21271602
83.59133114
84.27093546
135.5810615
114.8531298
107.7172844
184.8523746
200.1434717
135.5810615
117.5715471
105.6784715
97.86302182
87.66895705
84.61073761
79.51370524
73.39726637
68.64003614
66.60122318
64.90221239
66.26142102
64.90221239
86.30974841
95.4844067
107.3774823
102.2804499
124.7073924
120.2899643
106.0182736
91.4067808
89.36796785
171.9398926
117.2317449
101.9406477
95.4844067
92.76598944
82.91172682
75.43607932
69.99924478
65.92161887
63.54300376
64.90221239
73.39726637
70.67884909
67.62062966
69.99924478
65.92161887
63.20320159
63.20320159
60.48478432
58.44597137
57.42656489
58.44597137
62.18379511
65.92161887
65.24201455
75.09627716
68.64003614
63.88280591
64.22260807
74.41667285
79.17390307
74.07687068
70.33904694
69.31964046
65.92161887
62.52359728
59.46537785
57.08676272
57.08676272
61.84399296
72.71766205
83.9311333
92.42618728
85.96994626
78.15449659
74.41667285
67.96043182
63.54300376
61.16438864
58.78577352
57.76636705
56.74696057
56.74696057
59.46537785
66.94102535
68.9798383
65.24201455
64.22260807
66.26142102
70.33904694
65.24201455
61.84399296
61.16438864
62.18379511
62.52359728
64.90221239
66.94102535
65.24201455
64.90221239
63.88280591
62.86339944
58.78577352
56.06735626
55.38775193
54.70814761
53.68874114
53.34893898
55.04794978
53.68874114
53.68874114
57.08676272
54.70814761
53.68874114
57.42656489
63.88280591
59.80518
62.18379511
68.64003614
70.33904694
65.24201455
62.86339944
58.1061692
54.70814761
51.98973035
49.27131307
48.59170876
48.25190659
45.87329148
43.49467637
42.13546772
41.79566557
41.45586341
40.77625909
42.47526989
41.79566557
43.1548742
44.51408285
40.77625909
39.75685261
41.11606126
42.81507205
42.47526989
41.11606126
38.73744613
37.71803966
37.71803966
35.6792267
33.84429505
32.28120511
31.94140296
33.98021591
33.30061159
31.80548209
29.97055043
29.49482741
28.78124287
27.86377705
27.38805402
26.98029143
27.18417272
26.74242992
26.09680582
25.00943891
24.29585437
25.6210828
24.15993352
23.14052704
23.31042811
23.7181907
22.80072487
22.15510078
21.7813184
21.37355581
20.11628782
19.26678242
18.82503961
18.24737594
18.1454353
17.80563313
17.19398926
17.12602882
17.19398926
16.34448385
16.20856298
16.14060256
16.10662234
16.34448385
16.31050363
15.83478061
15.8008004
15.66487954
15.42701802
15.39303781
15.05323565
14.88333457
14.67945328
14.27169068
14.16975004
14.23771046
14.23771046
14.37363133
14.20373026
13.93188852
13.93188852
14.03382917
14.71343348
15.32507737
14.64547306
13.89790831
13.55810615
14.20373026
13.96586874
13.69402702
13.32024463
13.2522842
13.18432378
12.91248204
12.77656118
12.67462054
12.64064032
12.60666011
15.46099824
13.86392809
12.77656118
12.06297665
10.53386693
10.05814391
9.990183478
10.39794607
10.36396585
10.19406477
9.922223046
9.650381318
9.412519807
9.310579159
9.412519807
10.49988672
9.820282398
9.786302182
13.49014572
11.04357017
16.00468169
46.89269796
37.03843535
18.85901983
15.63089932
14.20373026
32.58702706
148.8333457
95.14460455
118.9307557
69.99924478
56.06735626
41.45586341
100.2416369
56.74696057
46.89269796
40.77625909
37.03843535
42.81507205
55.38775193
76.4554858
60.48478432
47.23250011
40.43645693
41.79566557
40.77625909
70.67884909
86.30974841
52.3295325
91.74658296
70.33904694
60.14498216
55.04794978
70.67884909
51.64992818
43.83447852
63.20320159
56.06735626
75.09627716