19.3432379
18.938307
17.81695988
18.37763344
19.12519819
17.41202896
16.38412744
21.928566
27.84678694
24.32700291
24.45159703
52.01804719
75.37944563
40.49309063
27.69104428
23.14335872
20.931813
19.4366835
26.75658834
31.14853125
36.44378156
29.84029294
28.84353993
26.44510304
22.08430865
20.55803063
60.11666531
73.51053376
47.65725282
38.93566406
32.08298719
28.81239141
28.37631198
26.88118247
24.38929997
24.23355732
25.88442947
34.26338438
38.93566406
31.46001657
27.47300456
27.78448988
23.08106165
22.76957635
30.43211503
26.16476625
28.81239141
24.8253794
22.86302194
22.98761606
21.5236351
20.24654531
19.28094084
18.50222757
18.15959372
17.81695988
18.53337609
21.58593216
27.75334134
23.57943816
21.95971454
20.18424825
19.24979231
35.19784032
29.71569882
24.63848822
22.08430865
21.80397187
66.96934219
211.4985272
108.0854034
76.00241625
61.98557719
180.9729666
140.7913613
93.44559376
75.37944563
62.60854782
55.13290032
49.21467938
44.853885
41.42754657
38.31269344
36.44378156
34.26338438
32.39447251
31.46001657
29.96488706
28.4074605
27.16151925
26.44510304
25.5106471
24.60733969
24.07781466
24.70078529
23.89092347
22.80072488
22.27119984
21.24329832
20.90066447
21.30559538
22.73842781
22.98761606
24.63848822
111.8232272
133.9386843
97.80638813
72.57607782
59.18220937
56.37884156
73.51053376
101.5442119
143.5947291
96.24896157
79.11726937
70.39568063
62.60854782
55.13290032
50.77210593
48.59170875
43.91942906
44.54239969
41.42754657
37.06675218
37.06675218
36.13229626
33.01744313
35.19784032
71.95310719
58.55923875
53.57547375
52.01804719
91.57668188
76.93687219
61.36260657
53.26398844
84.10103438
97.49490281
76.31390157
67.90379813
59.18220937
54.19844438
51.08359125
47.3457675
44.54239969
42.67348781
41.73903187
45.78834094
59.18220937
59.18220937
54.50992969
49.83765001
45.78834094
41.73903187
40.80457594
38.93566406
48.90319407
43.60794375
38.62417875
45.47685562
71.33013657
61.05112125
55.44438562
54.50992969
47.65725282
45.16537032
43.29645844
42.36200251
39.87012
35.82081094
37.68972282
34.886355
36.13229626
34.886355
32.39447251
30.96164006
30.9927886
33.95189907
34.26338438
35.82081094
35.82081094
32.70595781
55.13290032
66.96934219
54.19844438
46.72279688
49.52616469
42.67348781
40.80457594
39.55863469
34.886355
33.95189907
33.32892844
33.01744313
35.19784032
45.16537032
59.80518001
59.18220937
52.01804719
46.41131156
42.05051719
42.67348781
42.05051719
38.62417875
36.13229626
33.95189907
32.08298719
31.77150187
34.57486969
38.62417875
41.11606125
42.67348781
39.87012
38.93566406
43.60794375
47.3457675
42.67348781
40.80457594
60.73963594
58.55923875
59.80518001
80.98618125
99.6753
112.4461978
139.2339347
103.1016384
83.16657844
75.37944563
78.18281345
76.93687219
67.59231281
61.67409188
57.3132975
52.95250313
49.83765001
50.46062063
57.62478282
61.36260657
56.69032688
52.3295325
51.39507657
57.00181219
70.39568063
89.70777
97.80638813
90.64222594
80.05172531
71.95310719
69.77271001
86.28143157
112.4461978
90.33074063
79.42875469
71.33013657
71.64162188
76.62538688
76.62538688
72.88756313
66.96934219
73.82201906
108.3968888
112.7576832
90.64222594
77.87132813
70.39568063
65.72340094
71.33013657
77.55984281
67.2808275
64.4774597
65.10043032
77.24835751
84.724005
79.42875469
71.95310719
85.03549032
116.1840216
95.00302032
80.98618125
73.19904844
76.31390157
81.60915188
81.60915188
80.67469594
71.33013657
68.83825407
63.23151844
62.92003313
71.01865125
81.92063719
84.41251969
82.54360782
80.05172531
75.37944563
72.57607782
67.90379813
72.2645925
76.62538688
89.08479938
95.93747625
86.90440219
88.15034345
95.00302032
87.21588751
91.57668188
78.49429875
78.80578407
77.87132813
71.64162188
72.88756313
66.34637156
59.18220937
53.26398844
50.77210593
50.77210593
53.26398844
54.19844438
50.46062063
49.21467938
45.47685562
44.853885
40.49309063
39.87012
39.24714938
38.93566406
42.36200251
44.54239969
41.11606125
38.62417875
34.26338438
32.08298719
30.21407531
28.71894582
28.09597519
28.18942079
29.80914441
28.18942079
28.25171785
27.78448988
26.88118247
25.07456766
23.04991313
21.39904097
20.30884238
19.21864379
18.37763344
18.00385106
18.65797022
17.87925693
17.53662309
16.94480101
16.32183037
15.66771122
15.13818618
14.82670088
14.63980969
14.51521556
14.63980969
14.73325528
14.73325528
14.70210675
15.32507737
14.26602731
13.20697726
12.5528581
12.24137278
13.73650229
12.17907572
14.88899794
11.99218453
12.02333306
14.951295
12.4594125
12.27252132
11.86759041
11.92988746
11.15117419
10.77739181
10.37246091
10.18556972
10.49705503
10.34131238
9.998678532
10.18556972
9.842935875
9.375707906
9.064222594
8.815034345
8.628143157
9.593747625
9.001925532
8.565846094
8.410103438
8.192063719
10.31016384
41.42754657
42.98497313
55.13290032
26.04017213
22.27119984
68.21528344
36.75526688
27.25496485
22.64498222
19.93506
18.56452463
17.10054366
16.25953331
18.4399305
36.13229626
38.31269344
45.78834094
114.3151097
111.2002565
54.50992969
41.11606125
40.49309063
47.65725282
40.18160531
40.49309063
37.68972282
36.75526688
36.44378156
38.62417875
47.96873813
46.41131156
48.59170875
47.3457675
48.90319407
80.67469594
79.74024001
159.1689947
138.9224494
99.05232938
58.55923875
104.659065
84.724005
62.92003313
56.37884156
56.37884156
60.11666531
99.98678532
155.7426563
210.8755565
183.7763344
159.7919653
174.1202896
133.6271991
113.0691684
106.8394622
94.691535
83.16657844
71.95310719
64.4774597
58.55923875
55.75587094
52.95250313
49.83765001
46.72279688
49.83765001
46.72279688
46.72279688
48.28022344
43.60794375
43.60794375
42.05051719
40.49309063
37.3782375
35.82081094
34.26338438
33.64041375
33.64041375
32.70595781
31.14853125
30.21407531
29.59110469
28.03367812
29.27961938
28.65664875
28.03367812
37.3782375
77.87132813
128.3319488
75.69093094
62.2970625
54.50992969
47.3457675
40.80457594
35.82081094
32.39447251
30.36981797
30.21407531
29.59110469
30.21407531
31.14853125
33.32892844
37.3782375
44.23091438
38.93566406
35.19784032
32.08298719
30.83704594
29.59110469
31.46001657
39.87012
38.31269344
37.06675218
36.13229626
35.19784032
39.24714938
41.73903187
40.49309063
38.93566406
38.00120812
37.3782375
36.44378156
36.13229626
35.19784032
34.886355
34.57486969
36.75526688
34.886355
33.32892844
31.77150187
30.83704594
30.21407531
31.46001657
30.83704594
28.96813406
31.46001657
28.34516344
27.4107075
27.09922219
62.2970625
71.64162188
60.73963594
52.95250313
48.90319407
44.853885
41.73903187
35.50932562
33.01744313
31.14853125
51.08359125
75.69093094
96.87193219
80.98618125
71.01865125
64.16597438
60.42815063
56.37884156
52.3295325
90.33074063
74.13350438
60.11666531
56.06735626
52.3295325
50.14913531
47.3457675
44.23091438
40.80457594
38.62417875
41.11606125
47.96873813
56.37884156
60.11666531
52.3295325
54.19844438
95.00302032
106.2164916
80.67469594
72.2645925
66.65785688
83.78954906
73.82201906
65.72340094
60.73963594
57.62478282
54.50992969
50.77210593
47.03428219
42.05051719
46.72279688
52.01804719
47.65725282
43.91942906
41.42754657
40.49309063
42.67348781
46.09982626
50.46062063
54.50992969
52.95250313
48.28022344
44.54239969
42.05051719
43.60794375
47.03428219
50.14913531
77.55984281
103.4131238
107.1509475
105.5935209
106.5279769
112.1347125
142.9717585
128.9549194
102.7901531
81.29766657
76.62538688
79.42875469
73.19904844
66.96934219
61.98557719
64.16597438
58.87072407
56.06735626
53.26398844
49.83765001
46.09982626
52.64101781
61.05112125
68.52676875
65.41191562
62.92003313
63.23151844
67.90379813
74.13350438
79.42875469
89.70777
93.44559376
88.15034345
80.36321063
73.51053376
68.83825407
64.4774597
62.92003313
57.62478282
55.75587094
57.3132975
58.55923875
64.4774597
68.83825407
61.05112125
54.821415
53.88695906
52.64101781
59.49369469
64.788945
64.4774597
72.2645925
74.44498969
72.57607782
71.64162188
73.19904844
85.03549032
92.51113782
76.93687219
66.65785688
60.73963594
57.93626813
56.06735626
56.06735626
54.50992969
53.88695906
48.90319407
42.36200251
38.62417875
37.3782375
37.3782375
36.75526688
37.68972282
38.62417875
37.3782375
36.13229626
34.886355
34.57486969
33.01744313
32.70595781
32.08298719
30.86819447
29.80914441
28.71894582
27.90908401
27.53530163
27.19266778
27.03692512
26.60084569
25.4172015
25.10571619
25.35490444
24.73193381
23.73518081
23.48599256
23.11221019
22.86302194
23.20565578
21.74167481
20.30884238
18.90715847
23.4236955
19.96620854
18.84486141
18.0349996
16.97594953
15.73000828
14.79555234
14.32832437
14.57751263
14.98244353
14.01683907
13.20697726
13.70535375
18.72026728
25.23031031
34.57486969
18.87600993
15.32507737
14.76440381
14.88899794
13.58075962
12.89549194
12.89549194
12.77089781
12.24137278
11.89873894
11.58725362
11.15117419
11.49380803
11.77414481
11.08887713
11.33806538
13.05123459
12.14792719
10.27901531
9.157668188
8.659291688
10.37246091
20.05965413
39.24714938
20.83836741
14.39062144
11.5561051
10.80854034
95.93747625
172.8743485
148.578494
93.75707906
78.49429875
60.42815063
49.52616469
45.78834094
46.41131156
53.26398844
46.41131156
37.68972282
34.26338438
32.08298719
29.90259
28.06482666
26.63199422
25.5106471
24.8253794
23.70403229
22.64498222
21.83512041
21.14985272
20.74492181
20.65147622
20.21539678
19.62357469
19.0317526
18.37763344
18.22189079
17.56777163
16.88250394
16.41527597
17.63006869
16.47757304
23.89092347
21.05640713
17.06939512
17.87925693
17.10054366
55.44438562
35.82081094
22.80072488
18.31533638
17.22513779
25.88442947
32.70595781
23.8286264
21.39904097
22.80072488
20.30884238
29.03043112
68.21528344
40.80457594
31.77150187
28.905837
27.53530163
25.79098388
23.89092347
22.48923956
22.14660572
21.08755565
20.12195119
19.96620854
54.19844438
49.52616469
33.32892844
27.87793547
25.57294416
25.23031031
23.04991313
22.42694251
21.86626894
21.33674391
20.49573357
20.21539678
20.05965413
19.06290112
19.49898057
18.62682169
17.47432603
17.06939512
16.01034507
16.57101863
18.25303931
18.15959372
26.22706331
21.33674391
18.3464849
17.56777163
19.3432379
19.18749525
17.22513779
16.85135541
16.72676128
15.88575094
20.62032768
29.12387672
20.18424825
18.84486141
18.09729666
20.931813
23.79747788
27.0057766
28.65664875
147.9555234
75.06796032
68.52676875
57.3132975
44.54239969
41.11606125
40.49309063
37.3782375
34.57486969
31.46001657
29.18617379
27.87793547
26.32050891
25.23031031
24.48274556
23.73518081
22.95646753
23.70403229
38.00120812
34.26338438
27.78448988
23.01876459
21.33674391
19.53012909
17.00709806
16.19723625
15.01359207
14.88899794
14.63980969
14.92014647
18.31533638
19.90391147
48.28022344
37.3782375
43.29645844
49.52616469
65.72340094
65.10043032
65.10043032
58.24775344
50.46062063
43.91942906
39.55863469
36.13229626
34.57486969
43.91942906
45.78834094
48.59170875
50.14913531
47.96873813
48.90319407
62.60854782
70.70716594
124.2826397
281.5827225
166.9561275
150.1359207
230.1876459
142.6602731
110.2658006
99.6753
93.75707906
104.9705503
103.4131238
153.5622591
114.3151097
98.42935875
92.1996525
84.41251969
76.00241625
65.41191562
61.05112125
56.06735626
66.03488626
76.00241625
61.67409188
58.87072407
77.24835751
74.44498969
60.42815063
53.26398844
49.21467938
47.03428219
47.96873813
45.16537032
47.65725282
47.03428219
54.821415
58.55923875
50.14913531
47.3457675
46.41131156
45.78834094
45.47685562
45.47685562
45.78834094
63.23151844
58.24775344
53.26398844
54.821415
48.90319407
48.28022344
46.72279688
69.46122469
61.67409188
54.19844438
53.88695906
49.52616469
47.03428219
51.70656187
67.90379813
76.93687219
77.24835751
86.28143157
85.96994625
72.2645925
65.10043032
66.03488626
74.13350438
66.34637156
61.36260657
57.93626813
63.85448906
80.67469594
93.75707906
92.51113782
76.31390157
68.52676875
67.59231281
63.23151844
62.92003313
67.59231281
102.1671825
94.38004969
71.64162188
66.65785688
63.85448906
58.55923875
55.44438562
54.19844438
55.13290032
58.55923875
64.788945
70.08419531
70.39568063
63.85448906
59.18220937
58.55923875
61.05112125
62.92003313
57.62478282
51.70656187
52.3295325
54.821415
53.88695906
48.90319407
46.72279688
44.54239969
45.78834094
46.09982626
48.28022344
43.60794375
42.98497313
43.91942906
44.853885
46.09982626
45.47685562
47.65725282
50.14913531
46.72279688
42.67348781
43.29645844
46.72279688
44.853885
39.55863469
36.44378156
42.05051719
43.29645844
42.67348781
41.42754657
38.00120812
36.75526688
37.68972282
38.00120812
39.24714938
36.75526688
34.57486969
32.70595781
30.27637238
33.01744313
31.46001657
28.46975757
26.88118247
27.19266778
27.03692512
25.29260737
24.38929997
23.8286264
23.85977494
24.38929997
24.38929997
23.26795284
22.33349691
21.55478362
21.89741747
21.21214978
20.83836741
20.09080266
19.09404966
17.84810841
17.0382466
16.41527597
16.22838478
17.75466282
26.19591478
22.33349691
19.59242616
18.0349996
16.97594953
16.50872156
16.47757304
15.76115682
14.32832437
13.30042284
12.70860075
12.49056103
12.17907572
12.21022425
12.64630369
12.83319488
12.36596691
11.961036
11.40036244
10.52820356
10.59050063
11.52495656
10.06097559
9.500302032
9.251113782
9.064222594
9.064222594
8.908479938
8.659291688
8.129766657
7.818281345
7.537944563
7.413350438
7.319904844
7.351053376
7.693687219
9.033074063
9.375707906
8.939628469
8.316657844
8.285509312
10.15442119
31.11738273
16.53987009
25.38605297
18.84486141
12.39711543
10.59050063
10.83968888
9.780638813
8.628143157
8.160915188
8.22321225
8.347806376
8.316657844
8.347806376
7.724835751
7.257607782
6.946122469
8.129766657
9.811787344
8.565846094
33.01744313
20.27769384
24.70078529
24.73193381
42.98497313
23.26795284
58.87072407
76.93687219
129.2664047
95.62599094
53.57547375
94.691535
118.0529335
68.83825407
80.67469594
110.2658006
107.7739181
113.0691684
84.724005
72.88756313
82.85509312
152.0048325
94.38004969
146.3980969
112.1347125
86.90440219
83.16657844
71.64162188
64.16597438
53.26398844
50.46062063
46.41131156
42.36200251
39.87012
37.3782375
34.886355
33.01744313
33.64041375
57.3132975
59.80518001
61.67409188
54.19844438
137.6765081
137.6765081
186.8911876
284.6975757
132.6927432
88.15034345
78.80578407
73.19904844
65.72340094
61.05112125
61.36260657
66.03488626
58.87072407
76.62538688
323.9447251
345.7486969
279.0908401
218.9741747
132.6927432
96.24896157
80.05172531
70.70716594
63.54300376
60.42815063
64.788945
84.10103438
133.0042284
77.24835751
96.24896157
89.08479938
74.44498969
69.14973937
67.90379813
63.85448906
59.49369469
53.26398844
49.83765001
50.14913531
48.90319407
45.78834094
55.75587094
189.6945553
83.78954906
66.65785688
60.42815063
57.00181219
54.50992969
50.14913531
46.09982626
46.41131156
47.3457675
48.90319407
54.19844438
46.41131156
119.9218453
71.64162188
61.05112125
54.821415
52.64101781
76.00241625
88.46182875
66.03488626
56.69032688
52.95250313
50.14913531
47.03428219
45.47685562
44.23091438
43.60794375
43.29645844
42.05051719
41.11606125
119.9218453
358.2081094
222.4005132
161.0379066
115.561051
88.46182875
73.82201906
68.83825407
68.83825407
63.23151844
58.87072407
57.00181219
54.50992969
52.3295325
50.14913531
47.3457675
43.60794375
41.11606125
38.31269344
36.75526688
35.50932562
34.57486969
35.50932562
33.64041375
32.39447251
31.77150187
30.86819447
30.08948119
29.52880763
28.93698553
28.4074605
27.84678694
27.28611337
26.22706331
27.47300456
33.32892844
28.84353993
51.39507657
45.16537032
39.87012
37.06675218
35.50932562
35.19784032
54.19844438
80.67469594
57.93626813
50.14913531
44.54239969
46.72279688
50.46062063
44.853885
48.59170875
45.16537032
49.52616469
47.96873813
43.91942906
41.11606125
39.24714938
37.68972282
36.44378156
35.50932562
34.26338438
32.70595781
31.14853125
31.02393713
33.01744313
30.899343
29.9960356
28.9992826
27.59759869
27.22381631
28.18942079
28.46975757
27.94023253
27.94023253
28.71894582
27.59759869
26.4139545
26.94347953
25.72868681
24.70078529
26.91233101
33.32892844
29.03043112
26.4139545
25.35490444
25.07456766
24.45159703
24.20240878
25.26145885
24.01551759
22.76957635
22.36464544
22.42694251
23.17450725
24.01551759
23.29910138
24.98112207
24.76308234
25.07456766
23.98436907
23.08106165
23.98436907
24.63848822
24.20240878
24.66963675
25.8221324
25.01227059
25.01227059
23.61058669
22.925319
23.01876459
23.36139843
23.79747788
22.76957635
21.27444684
20.77607035
21.05640713
20.62032768
20.37113944
19.56127763
19.59242616
20.09080266
20.12195119
19.24979231
18.28418785
17.53662309
17.0382466
16.19723625
15.63656269
15.51196856
15.60541415
15.13818618
15.04474059
14.82670088
14.17258172
13.76765081
13.39386843
13.11353166
13.4561655
13.67420522
14.23487878
14.29717585
14.14143319
14.32832437
14.26602731
13.73650229
13.5496111
13.33157137
13.23812578
12.8643434
12.64630369
12.36596691
12.08563013
12.30366984
12.21022425
11.74299629
11.27576832
11.49380803
10.65279769
10.15442119
9.96753
9.780638813
9.96753
10.59050063
10.83968888
9.936381469
9.157668188
9.18881672
9.531450563
10.80854034
9.811787344
9.344559376
9.157668188
9.18881672
9.282262312
9.438004969
9.21996525
9.064222594
9.126519656
8.752737281
8.254360782
8.192063719
8.22321225
8.503549032
8.721588751
8.534697563
8.347806376
8.22321225
8.316657844
8.378954906
8.160915188
7.4756475
7.413350438
7.537944563
7.662538688
7.569093094
7.195310719
6.883825407
6.852676875
6.790379813
6.541191562
6.510043032
6.572340094
7.942875469
17.34973191
29.59110469
23.73518081
26.94347953
22.39579397
20.83836741
18.00385106
15.10703766
18.68911876
17.25628631
13.954542
11.92988746
11.18232272
10.90198594
10.62164916
10.06097559
9.001925532
8.534697563
8.534697563
9.157668188
9.438004969
10.87083741
18.68911876
21.61708068
13.26927432
11.05772859
10.43475797
12.67745222
10.93313447
9.656044688
9.18881672
8.877331407
8.659291688
8.4724005
8.316657844
8.160915188
7.880578407
7.724835751
7.662538688
10.52820356
12.83319488
10.09212413
28.84353993
37.68972282
24.63848822
22.83187341
19.59242616
17.28743485
15.63656269
14.4529185
13.05123459
11.61840216
10.62164916
9.96753
9.656044688
9.21996525
8.908479938
9.033074063
11.58725362
10.02982706
9.749490281
14.04798759
32.08298719
140.1683907
63.54300376
50.77210593
38.93566406
33.95189907
31.46001657
29.96488706
58.55923875
52.64101781
41.42754657
37.06675218
39.55863469
46.72279688
426.7348781
157.3000828
106.2164916
85.65846094
376.8972282
142.6602731
78.80578407
68.52676875
64.16597438
57.62478282
52.95250313
49.83765001
45.78834094
43.60794375
42.05051719
40.49309063
39.87012
38.93566406
39.55863469
44.853885
138.610964
87.21588751
83.78954906
131.1353166
147.0210675
264.4510304
320.8298719
174.431775
126.7745222
100.6097559
109.0198594
88.46182875
73.51053376
64.16597438
61.36260657
84.10103438
66.96934219
66.96934219
65.41191562
59.18220937
57.3132975
55.13290032
47.65725282
43.60794375
42.05051719
40.49309063
38.93566406
37.3782375
35.82081094
34.886355
34.26338438
33.32892844
32.39447251
32.08298719
32.08298719
31.46001657
30.61900622
30.02718412
29.43536203
30.05833266
38.00120812
68.21528344
47.03428219
40.49309063
44.54239969
60.73963594
61.98557719
53.88695906
47.3457675
156.0541415
241.4011172
113.0691684
81.60915188
69.77271001
75.37944563
93.75707906
309.6164006
154.8082004
118.0529335
101.5442119
86.90440219
78.80578407
76.31390157
77.24835751
79.74024001
86.59291688
76.00241625
72.57607782
74.44498969
76.62538688
77.24835751
124.2826397
105.2820356
98.74084407
169.4480101
183.464849
124.2826397
107.7739181
96.87193219
89.70777
80.36321063
77.55984281
72.88756313
67.2808275
62.92003313
61.05112125
59.49369469
60.73963594
59.49369469
79.11726937
87.52737281
98.42935875
93.75707906
114.3151097
110.2658006
97.18341751
83.78954906
81.92063719
157.6115682
107.4624328
93.44559376
87.52737281
85.03549032
76.00241625
69.14973937
64.16597438
60.42815063
58.24775344
59.49369469
67.2808275
64.788945
61.98557719
64.16597438
60.42815063
57.93626813
57.93626813
55.44438562
53.57547375
52.64101781
53.57547375
57.00181219
60.42815063
59.80518001
68.83825407
62.92003313
58.55923875
58.87072407
68.21528344
72.57607782
67.90379813
64.4774597
63.54300376
60.42815063
57.3132975
54.50992969
52.3295325
52.3295325
56.69032688
66.65785688
76.93687219
84.724005
78.80578407
71.64162188
68.21528344
62.2970625
58.24775344
56.06735626
53.88695906
52.95250313
52.01804719
52.01804719
54.50992969
61.36260657
63.23151844
59.80518001
58.87072407
60.73963594
64.4774597
59.80518001
56.69032688
56.06735626
57.00181219
57.3132975
59.49369469
61.36260657
59.80518001
59.49369469
58.55923875
57.62478282
53.88695906
51.39507657
50.77210593
50.14913531
49.21467938
48.90319407
50.46062063
49.21467938
49.21467938
52.3295325
50.14913531
49.21467938
52.64101781
58.55923875
54.821415
57.00181219
62.92003313
64.4774597
59.80518001
57.62478282
53.26398844
50.14913531
47.65725282
45.16537032
44.54239969
44.23091438
42.05051719
39.87012
38.62417875
38.31269344
38.00120812
37.3782375
38.93566406
38.31269344
39.55863469
40.80457594
37.3782375
36.44378156
37.68972282
39.24714938
38.93566406
37.68972282
35.50932562
34.57486969
34.57486969
32.70595781
31.02393713
29.59110469
29.27961938
31.14853125
30.52556063
29.15502525
27.47300456
27.03692512
26.38280597
25.54179563
25.10571619
24.73193381
24.918825
24.5138941
23.922072
22.925319
22.27119984
23.48599256
22.14660572
21.21214978
21.36789244
21.74167481
20.90066447
20.30884238
19.96620854
19.59242616
18.4399305
17.66121722
17.25628631
16.72676128
16.63331569
16.32183037
15.76115682
15.69885975
15.76115682
14.98244353
14.8578494
14.79555234
14.76440381
14.98244353
14.951295
14.51521556
14.48406704
14.35947291
14.14143319
14.11028466
13.79879934
13.64305669
13.4561655
13.08238313
12.98893753
13.05123459
13.05123459
13.17582872
13.02008607
12.77089781
12.77089781
12.8643434
13.48731403
14.04798759
13.42501697
12.73974929
12.42826397
13.02008607
12.80204635
12.5528581
12.21022425
12.14792719
12.08563013
11.83644187
11.71184775
11.61840216
11.58725362
11.5561051
14.17258172
12.70860075
11.71184775
11.05772859
9.656044688
9.21996525
9.157668188
9.531450563
9.500302032
9.344559376
9.095371126
8.846182875
8.628143157
8.534697563
8.628143157
9.624896157
9.001925532
8.970777
12.36596691
10.12327266
14.67095821
42.98497313
33.95189907
17.28743485
14.32832437
13.02008607
29.87144147
136.4305669
87.21588751
109.0198594
64.16597438
51.39507657
38.00120812
91.8881672
52.01804719
42.98497313
37.3782375
33.95189907
39.24714938
50.77210593
70.08419531
55.44438562
43.29645844
37.06675218
38.31269344
37.3782375
64.788945
79.11726937
47.96873813
84.10103438
64.4774597
55.13290032
50.46062063
64.788945
47.3457675
40.18160531
57.93626813
51.39507657
68.83825407