                    Particle Diameter (mm)
                    0.01118   0.3536    2.828     5.657     11.31     22.63     45.25     90.51     181.0     

          Q (cms)   Load (m3/yr)
          42.0      0.8761    0.08761   0.04835   0.08996   0.09826   0.0577    0.01218   0.0003361 1.849e-07 
          111.0     166.6     16.66     9.197     17.11     18.69     10.97     2.317     0.06392   3.517e-05 
          158.0     1.081e+03 108.1     61.89     115.1     125.8     73.86     15.6      0.4301    0.0002367 
          210.0     3.627e+03 362.7     280.6     535.1     584.5     343.3     72.48     1.999     0.0011    
          290.0     1.093e+04 1.093e+03 1.112e+03 2.411e+03 2.993e+03 1.935e+03 414.2     11.42     0.006286  
          445.0     2.276e+04 2.276e+03 2.665e+03 6.146e+03 8.243e+03 6.01e+03  1.596e+03 44.87     0.02469   
          613.0     3.081e+04 3.081e+03 3.794e+03 8.938e+03 1.231e+04 9.338e+03 2.729e+03 83.24     0.0458    
          849.0     4.2e+04   4.2e+03   5.423e+03 1.303e+04 1.838e+04 1.446e+04 4.599e+03 162.0     0.08915   

probabilitQ(cms)    Load * p[j]m3/yr
0.5       42.0      0.438     0.0438    0.02418   0.04498   0.04913   0.02885   0.006092  0.000168  9.246e-08 
0.2       111.0     33.33     3.333     1.839     3.422     3.738     2.195     0.4635    0.01278   7.034e-06 
0.1       158.0     108.1     10.81     6.189     11.51     12.58     7.386     1.56      0.04301   2.367e-05 
0.1       210.0     362.7     36.27     28.06     53.51     58.45     34.33     7.248     0.1999    0.00011   
0.06      290.0     655.7     65.57     66.73     144.7     179.6     116.1     24.85     0.6854    0.0003772 
0.03      445.0     682.8     68.28     79.96     184.4     247.3     180.3     47.87     1.346     0.0007407 
0.005     613.0     154.1     15.41     18.97     44.69     61.53     46.69     13.65     0.4162    0.000229  
0.005     849.0     210.0     21.0      27.11     65.15     91.9      72.29     22.99     0.8101    0.0004458 
          Sum       2.207e+03 220.7     228.9     507.4     655.1     459.3     118.6     3.514     0.001933  